100.0 92.8444133163289 0.006800461768746233 0.0 1.0 1.0 3.0 0.7789531618003538
100.0 89.36022435754118 0.006679268178069818 0.0 1.0 1.0028602520490684 3.0 0.7835347263466359
100.0 92.84443208061639 0.0 0.0 1.0 1.0 3.0 0.8044771454976012
100.0 92.8576157634678 0.006676507643572281 0.0 1.0 1.0 3.0 0.8060819003963431
100.0 92.85761883123119 0.0 0.0 1.0 1.0 3.0 0.8061324063419013
100.0 83.56532995021169 0.0 0.0 1.0 1.0 3.0 0.8171468860845497
100.0 83.56532995021169 0.0 0.0 1.0 1.0 3.0 0.8175223116899262
100.0 83.57845186849127 0.01 0.0 1.0 1.0 3.0 0.8179737474527103
100.0 75.06982867847957 0.0 0.0 1.0 1.0 3.0 0.8327241981594444
100.0 56.02530080480204 0.0031726853944763064 0.0 1.0 1.0 3.0 0.8443851384895487
100.0 56.04787480357094 0.00310803635520621 0.0 1.0 1.0 3.0 0.8481874922180184
100.0 82.54402650656766 0.001245037022097722 0.0 1.0 1.0 2.0 0.8678769762844248
100.0 56.441790419090296 0.007910928679467992 0.0 1.0 2.0 2.0 0.8967926763120838
100.0 51.12459410886685 0.005590756889471305 0.0 1.0 1.0 2.0 0.9013787850539063
100.0 82.55267366985929 0.0012261092867310204 0.0 1.0 1.0 2.603015954010374 0.9064868377935824
100.0 27.849278321929038 0.004014598047680281 0.0 1.0 1.0 3.0 0.9171991676992993
100.0 38.15418159130189 0.00468888688135343 0.0 1.0 1.0 2.0 0.9193588088027204
100.0 92.8444133163289 0.006800461768746233 0.0 1.0 1.0 1.0 0.9264489110342002
100.0 51.1837332981823 0.0 0.0 1.0 1.0 1.0 0.9511535570110651
100.0 58.42063483423627 0.01 0.0 2.0 1.0 1.0 0.9518143175235931
100.0 10.562246376529398 0.00925754483192695 0.0 1.0 1.0 2.0 0.9734820558963778
100.0 5.914214023024516 0.007556845390962773 0.0 1.0 1.0 2.0 0.9829839807085121
