1.000000000000000000e+02 9.284441331632889671e+01 6.800461768746233170e-03 0.000000000000000000e+00 1.000000000000000000e+00 1.000000000000000000e+00 3.000000000000000000e+00 7.789531618003537883e-01 8.110760241686391092e-01
1.000000000000000000e+02 8.936022435754118476e+01 6.679268178069817929e-03 0.000000000000000000e+00 1.000000000000000000e+00 1.002860252049068368e+00 3.000000000000000000e+00 7.835347263466359014e-01 8.125079509732795469e-01
1.000000000000000000e+02 9.284443208061638586e+01 0.000000000000000000e+00 0.000000000000000000e+00 1.000000000000000000e+00 1.000000000000000000e+00 3.000000000000000000e+00 8.044771454976011871e-01 9.592520377494062611e-01
1.000000000000000000e+02 9.285761576346780544e+01 6.676507643572281332e-03 0.000000000000000000e+00 1.000000000000000000e+00 1.000000000000000000e+00 3.000000000000000000e+00 8.060819003963430873e-01 1.002141854350210526e+00
1.000000000000000000e+02 9.285761883123119276e+01 0.000000000000000000e+00 0.000000000000000000e+00 1.000000000000000000e+00 1.000000000000000000e+00 3.000000000000000000e+00 8.061324063419013086e-01 1.064051887247420503e+00
1.000000000000000000e+02 8.356532995021169086e+01 0.000000000000000000e+00 0.000000000000000000e+00 1.000000000000000000e+00 1.000000000000000000e+00 3.000000000000000000e+00 8.171468860845496618e-01 1.054935536269958396e+00
1.000000000000000000e+02 8.356532995021169086e+01 0.000000000000000000e+00 0.000000000000000000e+00 1.000000000000000000e+00 1.000000000000000000e+00 3.000000000000000000e+00 8.175223116899261733e-01 9.824199924997651934e-01
1.000000000000000000e+02 8.357845186849127117e+01 1.000000000000000021e-02 0.000000000000000000e+00 1.000000000000000000e+00 1.000000000000000000e+00 3.000000000000000000e+00 8.179737474527103425e-01 1.056781375996040495e+00
1.000000000000000000e+02 7.506982867847956697e+01 0.000000000000000000e+00 0.000000000000000000e+00 1.000000000000000000e+00 1.000000000000000000e+00 3.000000000000000000e+00 8.327241981594444287e-01 1.067988588030186481e+00
1.000000000000000000e+02 5.602530080480204333e+01 3.172685394476306396e-03 0.000000000000000000e+00 1.000000000000000000e+00 1.000000000000000000e+00 3.000000000000000000e+00 8.443851384895486589e-01 1.055599439727260780e+00
1.000000000000000000e+02 5.604787480357094154e+01 3.108036355206210150e-03 0.000000000000000000e+00 1.000000000000000000e+00 1.000000000000000000e+00 3.000000000000000000e+00 8.481874922180183685e-01 1.094535496102811978e+00
1.000000000000000000e+02 8.254402650656766127e+01 1.245037022097721926e-03 0.000000000000000000e+00 1.000000000000000000e+00 1.000000000000000000e+00 2.000000000000000000e+00 8.678769762844248392e-01 1.080076820014388650e+00
1.000000000000000000e+02 5.644179041909029593e+01 7.910928679467991650e-03 0.000000000000000000e+00 1.000000000000000000e+00 2.000000000000000000e+00 2.000000000000000000e+00 8.967926763120838141e-01 6.712126530452166007e-01
1.000000000000000000e+02 5.112459410886685163e+01 5.590756889471305315e-03 0.000000000000000000e+00 1.000000000000000000e+00 1.000000000000000000e+00 2.000000000000000000e+00 9.013787850539063395e-01 1.046734542896643472e+00
1.000000000000000000e+02 8.255267366985928845e+01 1.226109286731020404e-03 0.000000000000000000e+00 1.000000000000000000e+00 1.000000000000000000e+00 2.603015954010373889e+00 9.064868377935824117e-01 7.572255529791755979e-01
1.000000000000000000e+02 2.784927832192903807e+01 4.014598047680281029e-03 0.000000000000000000e+00 1.000000000000000000e+00 1.000000000000000000e+00 3.000000000000000000e+00 9.171991676992993225e-01 6.463624967123955400e-01
1.000000000000000000e+02 3.815418159130189224e+01 4.688886881353430090e-03 0.000000000000000000e+00 1.000000000000000000e+00 1.000000000000000000e+00 2.000000000000000000e+00 9.193588088027203620e-01 6.770197465175546991e-01
1.000000000000000000e+02 9.284441331632889671e+01 6.800461768746233170e-03 0.000000000000000000e+00 1.000000000000000000e+00 1.000000000000000000e+00 1.000000000000000000e+00 9.264489110342002398e-01 6.902158200544399325e-01
1.000000000000000000e+02 5.118373329818229678e+01 0.000000000000000000e+00 0.000000000000000000e+00 1.000000000000000000e+00 1.000000000000000000e+00 1.000000000000000000e+00 9.511535570110650761e-01 6.584212680449149646e-01
1.000000000000000000e+02 5.842063483423626735e+01 1.000000000000000021e-02 0.000000000000000000e+00 2.000000000000000000e+00 1.000000000000000000e+00 1.000000000000000000e+00 9.518143175235931341e-01 6.929385821671143475e-01
1.000000000000000000e+02 1.056224637652939791e+01 9.257544831926950435e-03 0.000000000000000000e+00 1.000000000000000000e+00 1.000000000000000000e+00 2.000000000000000000e+00 9.734820558963778181e-01 7.391998609127709008e-01
