2263.0 28.570485757175398 0.07113060409237752 1.0 1.0 1.0 1.0 0.010440369523967909
792.0 40.73205200932602 0.05266723564657904 0.0 1.0 0.0 1.0 0.022482075476400288
791.9999446218596 41.84713677817308 0.1 0.0 1.0 0.0 1.0 0.02282800355642688
791.9999999413666 41.84713677823356 0.05266723585986522 0.0 1.0 0.0 1.0 0.022839549349909383
7766.0 12.137431317869094 0.03131302027594921 0.0 1.0 1.0 2.0 0.025586123005069416
9483.0 49.9130203922037 0.06902274775997752 0.0 1.0 1.0 1.0 0.029628516689563643
1118.0 38.301207695620235 0.06476225194281052 0.0 1.0 0.0 1.0 0.030383192927120373
8930.0 29.99712449700922 0.08951485073896716 1.0 1.0 1.0 1.0 0.04189496038284022
635.9996535900295 6.846400985634976 0.0 0.5254405218640334 1.000018227989298 1.0 1.0 2.0011050383841984
636.0 6.846400985423835 0.06029347311504732 0.0 1.0 1.0 2.0 2.0018750146316164
1304.0 6.963354027537801 0.06471656166799017 0.0 1.0 1.0 1.0 2.0019033942917077
100.0 34.97818039142123 0.0 0.0 1.0 0.0 1.0 2.0031383875795985
1470.0 7.087957839772785 0.06722985204375467 0.0 1.0 1.0 2.0 2.0042998367987486
2293.0 49.88214020693818 0.08187004542789782 0.0 1.0 1.0 1.0 2.0072169982635164
2732.0 40.73205200932602 0.05266723564657904 0.0 1.0 1.0 1.0 2.007599794602666
5928.0 13.724734086283037 0.0018259353852315566 0.0 1.0 1.0 1.0 2.010143566853752
2263.000000166971 29.087829545672122 0.07113060425743067 1.0 1.0 1.0 1.0 2.010532979236308
792.0 12.230944433211207 0.08745978884848107 0.0 1.0 0.0 1.0 2.0133362984373466
792.0 16.57333679549158 0.1 0.0 1.0 0.0 1.0 2.0147257303096957
635.9999999943874 8.402128577170728 0.06029347223821785 0.0 1.01 0.9978267876645011 1.9916823765636642 2.014982289487218
792.0 17.52787962869482 0.0 0.0 1.0 0.0 1.0 2.0150804814851204
8332.0 17.88800202438959 0.09227767392959942 0.0 1.0 1.0 1.0 2.0155968251731005
1111.0 7.2314931626033525 0.06467228305454256 0.0 1.0 0.06560267334376375 1.0 2.0163710422564005
2792.0 49.91502941218044 0.08258368626209672 1.0 1.0 1.0 1.0 2.017558162678762
5928.000000077238 13.792165112494581 0.0018259360316280732 0.156313636126566 1.01 1.0 2.0 2.0180730103263897
4938.0 17.038739033489012 0.024714456969715578 1.0 1.0 1.0 1.0 2.018193801821521
792.0 32.992135687586234 0.1 0.0 1.0 0.0 1.0 2.0199892688585233
792.0 36.253030142867765 0.018429726558238387 0.0 1.0 0.0 1.0 2.0210598966401387
1231.0 14.834768796789842 0.06435896246090489 0.0 1.0 0.8812110189523451 1.0 2.0218527744415393
791.9999446804928 40.732052011090026 0.1 0.0 1.0 0.0 1.0 2.022470529707496
792.0 43.61972008626272 0.0 0.0 1.0 0.0 1.0 2.0234450036990075
1866.0 4.086171056413316 0.03917520325312658 0.0 1.0 0.0 1.0 2.0250159184779477
792.0 50.0 0.07938911952125108 0.0 1.0 0.0 1.0 2.0254461353087923
792.0 50.0 0.0 0.0 1.0 0.0 1.0 2.0254903938337536
4182.0 49.89891359589231 0.014184566330480167 1.0 1.0 1.0 1.0 2.0262220766050545
7766.0000000615055 13.556063464540642 0.03131301982051105 0.0 1.0 1.0 2.0 2.0264487761901213
9200.0 49.85144114125917 0.05817797901667443 0.0 1.0 1.0 1.0 2.0287246415197124
8332.00000016177 17.62754580306248 0.09227767533908922 0.20636152444321043 1.01 1.0 2.0 2.0287896682808477
9483.00005354548 49.91302039219039 0.1 0.0 1.0 1.0 1.0 2.029627815123505
3642.0 25.84194783043822 0.02058253332048946 1.0 1.0 1.0 2.0 2.0319238416539607
1470.0000000132582 8.866848536321932 0.06722985115754998 0.0 1.01 0.9978030495723491 1.9661532145282394 2.0340898224167296
1469.9999407739188 7.087957839708886 0.1 0.6301169662405692 1.0 0.9999999999883138 1.0 2.0350396708934118
7344.0 38.721547385664664 0.05709927282773106 1.0 1.0 1.0 1.0 2.0394938484800615
8929.999999801357 29.150931227611515 0.08951485058908705 1.0 1.0 1.0 1.0 2.0413034408236634
1792.0 5.969487701501329 0.05826153363356568 0.0 1.0 0.0 2.0 2.050728714794978
1792.0 50.0 0.026379823084601094 0.0 1.0 0.0 1.0 2.056662838846575
2263.000069636693 28.570485756787672 0.1 0.0 1.0000184016139082 0.9999999999825318 1.5123059247757922 2.0606935829451674
797.0 24.015716350411132 0.08198027073032278 1.0 1.0 0.0 2.0 2.068958224075797
5386.0 18.589734073353995 0.011715701828125348 0.0 1.0 0.0 1.0 2.1024580332064144
9375.0 44.669037221351836 0.03537157384897849 1.0 1.0 1.0 2.0 2.109491918994726
1922.0 43.043264342224894 0.06754560111554907 1.0 1.0 0.0 1.0 2.1108851937789614
5091.0 35.273962483359156 0.0029451873633330053 0.0 1.0 0.0 1.0 2.1301984532598923
2792.0 40.73205200932602 0.05266723564657904 1.0 1.0 0.0 1.0 2.155369694088484
4550.0 2.0588970174922947 0.03160086433337067 1.0 1.0 0.0 2.0 2.2283174878477547
7766.000000502397 12.137431317715876 0.0 0.5957864280865433 1.0000211988810195 0.9999999999747025 1.5603707397615123 2.2451058585264256
2048.0 47.55483836273658 0.04396635748591317 1.0 1.0 0.0 2.0 2.250794606189798
5201.0 40.21161451096294 0.055210764056275285 0.0 1.0 0.0 2.0 2.2860881012833456
9368.0 49.97103297974543 0.045827496137037925 0.0 1.0 0.0 1.0 2.2929203764631394
8930.000020496243 29.99712449703432 0.1 0.21050346791957186 1.000023885888607 0.9999999999714162 1.6649906773157133 2.3247307495995218
7801.0 24.920595183144645 0.09535299219027218 0.0 1.0 0.0 2.0 2.335057296454919
9316.0 31.641551590368618 0.08734462617665734 0.0 1.0 0.0 2.0 2.4489553694623423
9499.0 10.48850764227331 0.04471572331664974 1.0 1.0 0.0 2.0 2.6011413684648375
100.0 40.73205200932602 0.05266723564657904 1.0 1.0 0.0 1.0 3.0068493605613815
1792.0 1.0 0.011182735844659349 0.0 1.0 0.0 1.0 3.021853236091016
