2263.0 28.570485757175398 0.07113060409237752 1.0 1.0 1.0 1.0 0.010440369523967909
792.0 40.73205200932602 0.05266723564657904 0.0 1.0 0.0 1.0 0.022482075476400288
7766.0 12.137431317869094 0.03131302027594921 0.0 1.0 1.0 2.0 0.025586123005069416
8930.0 29.99712449700922 0.08951485073896716 1.0 1.0 1.0 1.0 0.04189496038284022
636.0 6.846400985423835 0.06029347311504732 0.0 1.0 1.0 2.0 2.0018750146316164
1470.0 7.087957839772785 0.06722985204375467 0.0 1.0 1.0 2.0 2.0042998367987486
5928.0 13.724734086283037 0.0018259353852315566 0.0 1.0 1.0 1.0 2.010143566853752
8332.0 17.88800202438959 0.09227767392959942 0.0 1.0 1.0 1.0 2.0155968251731005
4938.0 17.038739033489012 0.024714456969715578 1.0 1.0 1.0 1.0 2.018193801821521
1866.0 4.086171056413316 0.03917520325312658 0.0 1.0 0.0 1.0 2.0250159184779477
4182.0 49.89891359589231 0.014184566330480167 1.0 1.0 1.0 1.0 2.0262220766050545
3642.0 25.84194783043822 0.02058253332048946 1.0 1.0 1.0 2.0 2.0319238416539607
7344.0 38.721547385664664 0.05709927282773106 1.0 1.0 1.0 1.0 2.0394938484800615
797.0 24.015716350411132 0.08198027073032278 1.0 1.0 0.0 2.0 2.068958224075797
5386.0 18.589734073353995 0.011715701828125348 0.0 1.0 0.0 1.0 2.1024580332064144
9375.0 44.669037221351836 0.03537157384897849 1.0 1.0 1.0 2.0 2.109491918994726
1922.0 43.043264342224894 0.06754560111554907 1.0 1.0 0.0 1.0 2.1108851937789614
5091.0 35.273962483359156 0.0029451873633330053 0.0 1.0 0.0 1.0 2.1301984532598923
4550.0 2.0588970174922947 0.03160086433337067 1.0 1.0 0.0 2.0 2.2283174878477547
2048.0 47.55483836273658 0.04396635748591317 1.0 1.0 0.0 2.0 2.250794606189798
5201.0 40.21161451096294 0.055210764056275285 0.0 1.0 0.0 2.0 2.2860881012833456
7801.0 24.920595183144645 0.09535299219027218 0.0 1.0 0.0 2.0 2.335057296454919
9316.0 31.641551590368618 0.08734462617665734 0.0 1.0 0.0 2.0 2.4489553694623423
9499.0 10.48850764227331 0.04471572331664974 1.0 1.0 0.0 2.0 2.6011413684648375
