2263.0 28.570485757175398 0.07113060409237752 1.0 1.0 1.0 1.0 0.010440369523967909
792.0 40.73205200932602 0.05266723564657904 0.0 1.0 0.0 1.0 0.022482075476400288
791.9999999413666 41.84713677823356 0.05266723585986522 0.0 1.0 0.0 1.0 0.022839549349909383
7766.0 12.137431317869094 0.03131302027594921 0.0 1.0 1.0 2.0 0.025586123005069416
9483.0 49.9130203922037 0.06902274775997752 0.0 1.0 1.0 1.0 0.029628516689563643
8930.0 29.99712449700922 0.08951485073896716 1.0 1.0 1.0 1.0 0.04189496038284022
636.0 6.846400985423835 0.06029347311504732 0.0 1.0 1.0 2.0 2.0018750146316164
1470.0 7.087957839772785 0.06722985204375467 0.0 1.0 1.0 2.0 2.0042998367987486
2293.0 49.88214020693818 0.08187004542789782 0.0 1.0 1.0 1.0 2.0072169982635164
5928.0 13.724734086283037 0.0018259353852315566 0.0 1.0 1.0 1.0 2.010143566853752
2263.000000166971 29.087829545672122 0.07113060425743067 1.0 1.0 1.0 1.0 2.010532979236308
792.0 16.57333679549158 0.1 0.0 1.0 0.0 1.0 2.0147257303096957
635.9999999943874 8.402128577170728 0.06029347223821785 0.0 1.01 0.9978267876645011 1.9916823765636642 2.014982289487218
8332.0 17.88800202438959 0.09227767392959942 0.0 1.0 1.0 1.0 2.0155968251731005
2792.0 49.91502941218044 0.08258368626209672 1.0 1.0 1.0 1.0 2.017558162678762
5928.000000077238 13.792165112494581 0.0018259360316280732 0.156313636126566 1.01 1.0 2.0 2.0180730103263897
4938.0 17.038739033489012 0.024714456969715578 1.0 1.0 1.0 1.0 2.018193801821521
792.0 36.253030142867765 0.018429726558238387 0.0 1.0 0.0 1.0 2.0210598966401387
1866.0 4.086171056413316 0.03917520325312658 0.0 1.0 0.0 1.0 2.0250159184779477
4182.0 49.89891359589231 0.014184566330480167 1.0 1.0 1.0 1.0 2.0262220766050545
7766.0000000615055 13.556063464540642 0.03131301982051105 0.0 1.0 1.0 2.0 2.0264487761901213
9200.0 49.85144114125917 0.05817797901667443 0.0 1.0 1.0 1.0 2.0287246415197124
8332.00000016177 17.62754580306248 0.09227767533908922 0.20636152444321043 1.01 1.0 2.0 2.0287896682808477
3642.0 25.84194783043822 0.02058253332048946 1.0 1.0 1.0 2.0 2.0319238416539607
1470.0000000132582 8.866848536321932 0.06722985115754998 0.0 1.01 0.9978030495723491 1.9661532145282394 2.0340898224167296
7344.0 38.721547385664664 0.05709927282773106 1.0 1.0 1.0 1.0 2.0394938484800615
8929.999999801357 29.150931227611515 0.08951485058908705 1.0 1.0 1.0 1.0 2.0413034408236634
1792.0 5.969487701501329 0.05826153363356568 0.0 1.0 0.0 2.0 2.050728714794978
1792.0 50.0 0.026379823084601094 0.0 1.0 0.0 1.0 2.056662838846575
797.0 24.015716350411132 0.08198027073032278 1.0 1.0 0.0 2.0 2.068958224075797
5386.0 18.589734073353995 0.011715701828125348 0.0 1.0 0.0 1.0 2.1024580332064144
9375.0 44.669037221351836 0.03537157384897849 1.0 1.0 1.0 2.0 2.109491918994726
1922.0 43.043264342224894 0.06754560111554907 1.0 1.0 0.0 1.0 2.1108851937789614
5091.0 35.273962483359156 0.0029451873633330053 0.0 1.0 0.0 1.0 2.1301984532598923
2792.0 40.73205200932602 0.05266723564657904 1.0 1.0 0.0 1.0 2.155369694088484
4550.0 2.0588970174922947 0.03160086433337067 1.0 1.0 0.0 2.0 2.2283174878477547
2048.0 47.55483836273658 0.04396635748591317 1.0 1.0 0.0 2.0 2.250794606189798
5201.0 40.21161451096294 0.055210764056275285 0.0 1.0 0.0 2.0 2.2860881012833456
9368.0 49.97103297974543 0.045827496137037925 0.0 1.0 0.0 1.0 2.2929203764631394
7801.0 24.920595183144645 0.09535299219027218 0.0 1.0 0.0 2.0 2.335057296454919
9316.0 31.641551590368618 0.08734462617665734 0.0 1.0 0.0 2.0 2.4489553694623423
9499.0 10.48850764227331 0.04471572331664974 1.0 1.0 0.0 2.0 2.6011413684648375
100.0 40.73205200932602 0.05266723564657904 1.0 1.0 0.0 1.0 3.0068493605613815
1792.0 1.0 0.011182735844659349 0.0 1.0 0.0 1.0 3.021853236091016
