2263.0 28.570485757175398 0.07113060409237752 1.0 1.0 1.0 1.0 0.010440369523967909
2263.000026075703 28.66135755964197 0.1 1.0 1.0 1.0 1.0 0.010455339736022504
2263.0 37.31556778246072 0.0502636763587664 1.0 1.0 1.0 1.0 0.01200698577096282
2263.0 49.876880437437585 0.08015379365473421 1.0 1.0 1.0 1.0 0.014253991735207657
792.0 40.73205200932602 0.05266723564657904 0.0 1.0 0.0 1.0 0.022482075476400288
791.9999446218596 41.84713677817308 0.1 0.0 1.0 0.0 1.0 0.02282800355642688
791.9999999413666 41.84713677823356 0.05266723585986522 0.0 1.0 0.0 1.0 0.022839549349909383
7766.0 12.137431317869094 0.03131302027594921 0.0 1.0 1.0 2.0 0.025586123005069416
9483.0 49.9130203922037 0.06902274775997752 0.0 1.0 1.0 1.0 0.029628516689563643
1118.0 38.301207695620235 0.06476225194281052 0.0 1.0 0.0 1.0 0.030383192927120373
8929.999999999925 29.817511196101748 0.0895148782482592 1.0 1.0005425251026336 1.0 1.0 0.03213031093710049
1118.0000073072708 38.2796232431924 0.1 0.09536667551984124 1.0 1.1995677562381957e-07 1.0 0.033264369680420736
8930.0 29.99712449700922 0.08951485073896716 1.0 1.0 1.0 1.0 0.04189496038284022
8930.000000006985 30.12677281760352 0.08954879370584887 1.0 1.0 1.0 1.0 0.04198558775066363
792.0 36.892200339911625 0.1 0.0 1.0 0.0 2.0 0.04247910316953148
2674.0 41.84713677817308 0.1 0.0 1.0 0.0 2.0 0.15112473312117417
7765.999999999823 12.144616853057958 0.03131301940145528 0.0 1.00366300975437 0.9999999597682854 2.0 0.1968499418681798
3980.0 28.570485757175398 0.07113060409237752 1.0 1.0 0.0 2.0 0.36568960798966765
635.9996535900295 6.846400985634976 0.0 0.5254405218640334 1.000018227989298 1.0 1.0 2.0011050383841984
546.0 4.927819308777149 0.1 0.0 1.0 1.0 2.0 2.001528287065864
636.0 6.846400985423835 0.06029347311504732 0.0 1.0 1.0 2.0 2.0018750146316164
1304.0 6.963354027537801 0.06471656166799017 0.0 1.0 1.0 1.0 2.0019033942917077
2263.0 1.0 0.1 0.0 1.0 1.0 1.0 2.0027517619999795
100.0 34.97818039142123 0.0 0.0 1.0 0.0 1.0 2.0031383875795985
546.0 50.0 0.1 1.0 1.0 1.0 1.0 2.0035610899999594
1470.0 7.087957839772785 0.06722985204375467 0.0 1.0 1.0 2.0 2.0042998367987486
545.0 28.570485757175398 0.07113060409237752 1.0 1.0 1.0 2.0 2.0051833803011267
2263.0 1.0 0.032770947408108375 1.0 1.0 1.0 1.0 2.0055073672793
2263.0 1.0 0.029515244085846368 1.0 1.0 1.0 1.0 2.0055076386471975
1405.0 20.183464388442793 0.055615708369235774 1.0 1.0 1.0 1.0 2.0055813677086785
2674.0 32.02288701043153 0.05902040357823108 0.0 1.0 1.0 1.0 2.0065211800308558
3121.0 28.570485757175398 0.07113060409237752 0.0 1.0 1.0 1.0 2.0071778418585016
2293.0 49.88214020693818 0.08187004542789782 0.0 1.0 1.0 1.0 2.0072169982635164
2732.0 40.73205200932602 0.05266723564657904 0.0 1.0 1.0 1.0 2.007599794602666
2262.9999999997603 28.042074122339557 0.07113060953329763 1.0 1.0002205833584235 1.0 1.0 2.0079582911976477
2263.0 18.13251416975038 0.05125309833005576 1.0 1.0 1.0 1.0 2.0085729662611542
5928.0 13.724734086283037 0.0018259353852315566 0.0 1.0 1.0 1.0 2.010143566853752
2263.0 28.570485757175398 0.07113060409237752 1.0 1.0 1.0 1.0 2.010440369523968
2263.000000166971 29.087829545672122 0.07113060425743067 1.0 1.0 1.0 1.0 2.010532979236308
2263.000000009263 30.612827896110378 0.07114639928279874 1.0 1.0 1.0 1.0 2.010805968398943
2263.000016068695 31.35737910870346 0.07112752543900579 0.9999982360920825 1.0 1.0 1.0 2.01093924187744
635.9996535896419 6.763547389016144 0.0 0.5253478704003856 1.0001695631808163 0.9847960375218925 1.0 2.0110244214301587
2263.0 37.31943563174635 0.1 1.0 1.0 1.0 1.0 2.012005222172398
2263.000001792193 37.574076672685294 0.0 1.0 1.0 1.0 1.0 2.0120605542413745
5345.0 1.0134652814265939 0.08390641422039498 0.0 1.0 1.0 2.0 2.0129621344982622
4034.0 12.162074723031527 0.0770580656050674 1.0 1.0 1.0 1.0 2.0133269948733648
792.0 12.230944433211207 0.08745978884848107 0.0 1.0 0.0 1.0 2.0133362984373466
2262.9999999281613 49.87103549409683 0.1 1.0 1.0 1.0 1.0 2.01425208406331
792.0 16.57333679549158 0.1 0.0 1.0 0.0 1.0 2.0147257303096957
792.0 17.1441528810723 0.017778265954126127 0.0 1.0 0.0 1.0 2.014934348895771
635.9999999943874 8.402128577170728 0.06029347223821785 0.0 1.01 0.9978267876645011 1.9916823765636642 2.014982289487218
792.0 17.52787962869482 0.0 0.0 1.0 0.0 1.0 2.0150804814851204
8332.0 17.88800202438959 0.09227767392959942 0.0 1.0 1.0 1.0 2.0155968251731005
1111.0 7.2314931626033525 0.06467228305454256 0.0 1.0 0.06560267334376375 1.0 2.0163710422564005
792.0000000196386 37.238413308784814 0.052715679887971614 5.824564386358588e-08 1.0001778904413663 0.07433577196253927 1.0102203604633377 2.0166003072971237
2792.0 49.91502941218044 0.08258368626209672 1.0 1.0 1.0 1.0 2.017558162678762
791.9999258519476 41.73802436307978 0.0 0.0 1.0051949474517865 0.0 1.0 2.0175705904688988
791.9997741486131 42.728278602915346 0.05506398867816273 0.0 1.0037443257134873 0.0 1.0 2.0177856201456126
5928.000000077238 13.792165112494581 0.0018259360316280732 0.156313636126566 1.01 1.0 2.0 2.0180730103263897
791.9996645159745 44.37720327781179 0.1 0.0 1.0089242738000817 0.0 1.0 2.018183910842443
791.9997198354814 44.37720922377943 0.054970531687341784 0.0 1.0089242703181358 0.0 1.0 2.018192266225709
4938.0 17.038739033489012 0.024714456969715578 1.0 1.0 1.0 1.0 2.018193801821521
7766.000000063107 12.400489633574564 0.03131301506206534 0.0 1.0003917308606916 1.0 1.9993410500908175 2.0197981560926186
3467.0 6.580777987336281 0.00021980104920905032 1.0 1.0 1.0 2.0 2.019894498544029
792.0 32.992135687586234 0.1 0.0 1.0 0.0 1.0 2.0199892688585233
792.0 36.253030142867765 0.018429726558238387 0.0 1.0 0.0 1.0 2.0210598966401387
791.9999446378141 38.63719063308497 0.1 0.0 1.0 0.059901317620957295 1.0 2.0217989590909884
791.999999957321 38.63718561446852 0.05277656041721304 0.0 1.0 0.05990131777110941 1.0 2.0218104702428557
1231.0 14.834768796789842 0.06435896246090489 0.0 1.0 0.8812110189523451 1.0 2.0218527744415393
8929.999983286361 2.0622099591685874 0.08951662176397504 0.999996106296738 1.0 1.0 1.0010159939084797 2.0223901309458467
791.9999446804928 40.732052011090026 0.1 0.0 1.0 0.0 1.0 2.022470529707496
9483.000001250919 50.0 0.0724040206909079 0.00032626845690941764 1.01 1.0 1.0 2.022823369488663
792.0 41.84713677817308 0.1 0.0 1.0 0.0 1.0 2.0228280051081438
9482.999693524924 50.0 0.06905518821602473 0.0 1.01 1.0 1.0028475846906928 2.0228809588815317
9483.000000000346 50.0 0.0745869805145882 6.121604778641654e-08 1.000186807334852 1.0 1.0111582146593614 2.0230704690973247
792.0 43.61972008626272 0.0 0.0 1.0 0.0 1.0 2.0234450036990075
792.0000055715573 40.57745701999338 0.0 0.048838430783677556 1.0 6.178972222770085e-08 1.0 2.0235687220360874
792.0000054649436 41.636650103649316 0.0 0.04869405770078328 1.0 6.15985373819683e-08 1.0 2.023921605670728
8929.999986382332 4.7937738251572135 0.08951577213797994 0.9999965011563141 1.0 1.0 1.0 2.024276868392398
492.0 1.0 0.01378489603288801 1.0 1.0 0.0 2.0 2.024540572914853
1866.0 4.086171056413316 0.03917520325312658 0.0 1.0 0.0 1.0 2.0250159184779477
792.0 50.0 0.1 0.0 1.0 0.0 1.0 2.025441649999797
792.0 50.0 0.1 0.0 1.0 0.0 1.0 2.025441649999797
792.0 50.0 0.07938911952125108 0.0 1.0 0.0 1.0 2.0254461353087923
792.0 50.0 0.06092352195984783 0.0 1.0 0.0 1.0 2.0254508146871246
792.0 50.0 0.029355310173787647 0.0 1.0 0.0 1.0 2.0254615121850206
792.0 50.0 0.0 0.0 1.0 0.0 1.0 2.0254903938337536
4182.0 49.89891359589231 0.014184566330480167 1.0 1.0 1.0 1.0 2.0262220766050545
7766.0000000615055 13.556063464540642 0.03131301982051105 0.0 1.0 1.0 2.0 2.0264487761901213
1117.9999202111144 34.11786397967339 0.06575046249489727 0.0 1.0 0.0 1.0 2.0285099631496832
9200.0 49.85144114125917 0.05817797901667443 0.0 1.0 1.0 1.0 2.0287246415197124
8332.00000016177 17.62754580306248 0.09227767533908922 0.20636152444321043 1.01 1.0 2.0 2.0287896682808477
9483.00005354548 49.91302039219039 0.1 0.0 1.0 1.0 1.0 2.029627815123505
1118.0000000096147 39.01199969093613 0.06476973704871694 0.0 1.0 0.03571562224044089 1.0 2.030701426732354
3642.0 25.84194783043822 0.02058253332048946 1.0 1.0 1.0 2.0 2.0319238416539607
9483.000009629495 49.95295043493834 0.1 0.14083110102062424 1.0 1.0 1.0 2.033817859437112
792.0000000139008 39.50373901011707 0.05405041497153641 0.0017526396880929163 1.01 5.67316164579168e-05 2.0 2.0340410078799986
1470.0000000132582 8.866848536321932 0.06722985115754998 0.0 1.01 0.9978030495723491 1.9661532145282394 2.0340898224167296
791.9999446488802 41.18912969079946 0.1 0.0025459900948376912 1.01 0.00012296378653742224 2.0 2.034884191498136
791.9999999683871 41.18914484604691 0.053545753446167736 0.0025459994512777584 1.01 0.0001229638599542504 2.0 2.034901600545001
1469.9999407739188 7.087957839708886 0.1 0.6301169662405692 1.0 0.9999999999883138 1.0 2.0350396708934118
4033.0 28.570485757175398 0.07113060409237752 1.0 1.0 1.0 2.0 2.0370532215752073
7344.0 38.721547385664664 0.05709927282773106 1.0 1.0 1.0 1.0 2.0394938484800615
8929.999999801357 29.150931227611515 0.08951485058908705 1.0 1.0 1.0 1.0 2.0413034408236634
8929.999996308896 29.923146909628784 0.0 0.9928190265886185 1.0 1.0 1.0 2.04170225122737
8930.000000006963 30.17212256523279 0.08955267575776865 1.0 1.0 1.0 1.0 2.0420172886881
4981.0 25.694288090067158 0.04278987565286744 1.0 1.0 1.0 2.0 2.043469119436142
1118.0000000033472 37.132994596435985 0.067099760047253 0.0006249742833497329 1.01 8.80657095247983e-06 2.0 2.0459665020440085
9854.0 1.0404700802503224 0.0929697006702985 1.0 1.0 1.0 2.0 2.047780433591902
1705.0 41.84713677817308 0.1 0.0 1.0 0.0 1.0 2.0484106151007477
1792.0 5.969487701501329 0.05826153363356568 0.0 1.0 0.0 2.0 2.050728714794978
1792.0 50.0 0.026379823084601094 0.0 1.0 0.0 1.0 2.056662838846575
2263.000069636693 28.570485756787672 0.1 0.0 1.0000184016139082 0.9999999999825318 1.5123059247757922 2.0606935829451674
2674.0 2.5592563391675256 0.07692366826848368 0.0 1.0 0.0 2.0 2.0682720148445743
797.0 24.015716350411132 0.08198027073032278 1.0 1.0 0.0 2.0 2.068958224075797
2617.0 50.0 0.1 0.0 1.0 0.0 1.0 2.082381649999797
7765.999999996516 12.046060434882062 0.031313804218663754 0.0 1.0004545971988557 0.994127346833046 1.0 2.0981944669325627
5386.0 18.589734073353995 0.011715701828125348 0.0 1.0 0.0 1.0 2.1024580332064144
2263.0 28.570485757175398 0.07113060409237752 0.0 1.0 0.0 2.0 2.104359125281898
9375.0 44.669037221351836 0.03537157384897849 1.0 1.0 1.0 2.0 2.109491918994726
1922.0 43.043264342224894 0.06754560111554907 1.0 1.0 0.0 1.0 2.1108851937789614
5091.0 35.273962483359156 0.0029451873633330053 0.0 1.0 0.0 1.0 2.1301984532598923
1705.0 21.92939007186481 0.1 1.0 1.0 0.0 2.0 2.139801506864721
2792.0 40.73205200932602 0.05266723564657904 1.0 1.0 0.0 1.0 2.155369694088484
2674.0 50.0 0.1 0.0 1.0 0.0 2.0 2.168320099999594
4273.0 25.70582415017855 0.005325720894733092 0.0 1.0 0.0 2.0 2.186629094268684
7765.999999959703 12.139653161633133 0.1 0.0020057678278195823 1.01 0.99999999779009 1.999999999995428 2.1971922008818847
4550.0 2.0588970174922947 0.03160086433337067 1.0 1.0 0.0 2.0 2.2283174878477547
7766.000000502397 12.137431317715876 0.0 0.5957864280865433 1.0000211988810195 0.9999999999747025 1.5603707397615123 2.2451058585264256
2048.0 47.55483836273658 0.04396635748591317 1.0 1.0 0.0 2.0 2.250794606189798
5201.0 40.21161451096294 0.055210764056275285 0.0 1.0 0.0 2.0 2.2860881012833456
9368.0 49.97103297974543 0.045827496137037925 0.0 1.0 0.0 1.0 2.2929203764631394
8930.000020496243 29.99712449703432 0.1 0.21050346791957186 1.000023885888607 0.9999999999714162 1.6649906773157133 2.3247307495995218
7801.0 24.920595183144645 0.09535299219027218 0.0 1.0 0.0 2.0 2.335057296454919
6246.0 49.46818089347511 0.04034638533441994 0.0 1.0 0.0 2.0 2.38864063645199
3148.0 50.0 0.1 1.0 1.0 0.0 2.0 2.3959513999991877
9316.0 31.641551590368618 0.08734462617665734 0.0 1.0 0.0 2.0 2.4489553694623423
8147.0 6.57345495697016 0.07724754632855174 1.0 1.0 0.0 2.0 2.4657568528322034
9499.0 10.48850764227331 0.04471572331664974 1.0 1.0 0.0 2.0 2.6011413684648375
7942.0 49.49016975443965 0.03999965955117085 1.0 1.0 0.0 2.0 2.9879633714747085
100.0 41.84713677817308 0.1 0.0 1.0 1.0 1.0 3.000343789983445
100.0 41.84713677817308 0.1 0.0 1.0 1.0 1.0 3.000343789983445
100.0 41.84713677817308 0.1 1.0 1.0 1.0 1.0 3.0006941081202276
101.0 6.565465399331743 0.007929037773275463 0.0 1.0 0.0 1.0 3.001696127193834
100.0 1.0 0.1 1.0 1.0 0.0 1.0 3.002735459999594
100.0 40.73205200932602 0.05266723564657904 1.0 1.0 0.0 1.0 3.0068493605613815
1792.0 1.0 0.011182735844659349 0.0 1.0 0.0 1.0 3.021853236091016
504.0 25.676747656080764 0.02897335889555679 1.0 0.0 0.31154288125542956 2.0 3.0351709080184937
7690.0 1.019064952114988 0.015331406430417638 1.0 2.0 0.0 1.0 3.1434082504938115
