1111.0 7.2314931626033525 0.06467228305454256 0.0 1.0 0.06560267334376375 1.0 2.0163710422564005
1231.0 14.834768796789842 0.06435896246090489 0.0 1.0 0.8812110189523451 1.0 2.0218527744415393
1118.0 38.301207695620235 0.06476225194281052 0.0 1.0 0.0 1.0 0.030383192927120373
1304.0 6.963354027537801 0.06471656166799017 0.0 1.0 1.0 1.0 2.0019033942917077
792.0 32.992135687586234 0.1 0.0 1.0 0.0 1.0 2.0199892688585233
792.0 50.0 0.07938911952125108 0.0 1.0 0.0 1.0 2.0254461353087923
792.0 43.61972008626272 0.0 0.0 1.0 0.0 1.0 2.0234450036990075
792.0 50.0 0.0 0.0 1.0 0.0 1.0 2.0254903938337536
2732.0 40.73205200932602 0.05266723564657904 0.0 1.0 1.0 1.0 2.007599794602666
792.0 17.52787962869482 0.0 0.0 1.0 0.0 1.0 2.0150804814851204
792.0 12.230944433211207 0.08745978884848107 0.0 1.0 0.0 1.0 2.0133362984373466
100.0 34.97818039142123 0.0 0.0 1.0 0.0 1.0 2.0031383875795985
2263.000069636693 28.570485756787672 0.1 0.0 1.0000184016139082 0.9999999999825318 1.5123059247757922 2.0606935829451674
791.9999446804928 40.732052011090026 0.1 0.0 1.0 0.0 1.0 2.022470529707496
791.9999446218596 41.84713677817308 0.1 0.0 1.0 0.0 1.0 0.02282800355642688
7766.000000502397 12.137431317715876 0.0 0.5957864280865433 1.0000211988810195 0.9999999999747025 1.5603707397615123 2.2451058585264256
9483.00005354548 49.91302039219039 0.1 0.0 1.0 1.0 1.0 2.029627815123505
8930.000020496243 29.99712449703432 0.1 0.21050346791957186 1.000023885888607 0.9999999999714162 1.6649906773157133 2.3247307495995218
635.9996535900295 6.846400985634976 0.0 0.5254405218640334 1.000018227989298 1.0 1.0 2.0011050383841984
1469.9999407739188 7.087957839708886 0.1 0.6301169662405692 1.0 0.9999999999883138 1.0 2.0350396708934118
