5345.0 1.0134652814265939 0.08390641422039498 0.0 1.0 1.0 2.0 2.0129621344982622
9854.0 1.0404700802503224 0.0929697006702985 1.0 1.0 1.0 2.0 2.047780433591902
7690.0 1.019064952114988 0.015331406430417638 1.0 2.0 0.0 1.0 3.1434082504938115
2674.0 32.02288701043153 0.05902040357823108 0.0 1.0 1.0 1.0 2.0065211800308558
792.0 36.892200339911625 0.1 0.0 1.0 0.0 2.0 0.04247910316953148
100.0 41.84713677817308 0.1 0.0 1.0 1.0 1.0 3.000343789983445
2674.0 50.0 0.1 0.0 1.0 0.0 2.0 2.168320099999594
792.0 50.0 0.06092352195984783 0.0 1.0 0.0 1.0 2.0254508146871246
792.0 17.1441528810723 0.017778265954126127 0.0 1.0 0.0 1.0 2.014934348895771
2674.0 2.5592563391675256 0.07692366826848368 0.0 1.0 0.0 2.0 2.0682720148445743
2674.0 41.84713677817308 0.1 0.0 1.0 0.0 2.0 0.15112473312117417
792.0 50.0 0.029355310173787647 0.0 1.0 0.0 1.0 2.0254615121850206
2262.9999999997603 28.042074122339557 0.07113060953329763 1.0 1.0002205833584235 1.0 1.0 2.0079582911976477
792.0000000196386 37.238413308784814 0.052715679887971614 5.824564386358588e-08 1.0001778904413663 0.07433577196253927 1.0102203604633377 2.0166003072971237
791.9999446378141 38.63719063308497 0.1 0.0 1.0 0.059901317620957295 1.0 2.0217989590909884
791.999999957321 38.63718561446852 0.05277656041721304 0.0 1.0 0.05990131777110941 1.0 2.0218104702428557
7765.999999996516 12.046060434882062 0.031313804218663754 0.0 1.0004545971988557 0.994127346833046 1.0 2.0981944669325627
9483.000000000346 50.0 0.0745869805145882 6.121604778641654e-08 1.000186807334852 1.0 1.0111582146593614 2.0230704690973247
1118.0000000096147 39.01199969093613 0.06476973704871694 0.0 1.0 0.03571562224044089 1.0 2.030701426732354
8929.999999999925 29.817511196101748 0.0895148782482592 1.0 1.0005425251026336 1.0 1.0 0.03213031093710049
635.9996535896419 6.763547389016144 0.0 0.5253478704003856 1.0001695631808163 0.9847960375218925 1.0 2.0110244214301587
