6246.0 49.46818089347511 0.04034638533441994 0.0 1.0 0.0 2.0 2.38864063645199
7942.0 49.49016975443965 0.03999965955117085 1.0 1.0 0.0 2.0 2.9879633714747085
3980.0 28.570485757175398 0.07113060409237752 1.0 1.0 0.0 2.0 0.36568960798966765
1405.0 20.183464388442793 0.055615708369235774 1.0 1.0 1.0 1.0 2.0055813677086785
546.0 4.927819308777149 0.1 0.0 1.0 1.0 2.0 2.001528287065864
2263.0 1.0 0.029515244085846368 1.0 1.0 1.0 1.0 2.0055076386471975
2263.0 1.0 0.1 0.0 1.0 1.0 1.0 2.0027517619999795
2263.0 1.0 0.032770947408108375 1.0 1.0 1.0 1.0 2.0055073672793
546.0 50.0 0.1 1.0 1.0 1.0 1.0 2.0035610899999594
2263.0 28.570485757175398 0.07113060409237752 1.0 1.0 1.0 1.0 2.010440369523968
545.0 28.570485757175398 0.07113060409237752 1.0 1.0 1.0 2.0 2.0051833803011267
3121.0 28.570485757175398 0.07113060409237752 0.0 1.0 1.0 1.0 2.0071778418585016
2263.000026075703 28.66135755964197 0.1 1.0 1.0 1.0 1.0 0.010455339736022504
2263.000001792193 37.574076672685294 0.0 1.0 1.0 1.0 1.0 2.0120605542413745
2262.9999999281613 49.87103549409683 0.1 1.0 1.0 1.0 1.0 2.01425208406331
792.0000055715573 40.57745701999338 0.0 0.048838430783677556 1.0 6.178972222770085e-08 1.0 2.0235687220360874
791.9999258519476 41.73802436307978 0.0 0.0 1.0051949474517865 0.0 1.0 2.0175705904688988
792.0000054649436 41.636650103649316 0.0 0.04869405770078328 1.0 6.15985373819683e-08 1.0 2.023921605670728
7765.999999959703 12.139653161633133 0.1 0.0020057678278195823 1.01 0.99999999779009 1.999999999995428 2.1971922008818847
9483.000009629495 49.95295043493834 0.1 0.14083110102062424 1.0 1.0 1.0 2.033817859437112
1118.0000073072708 38.2796232431924 0.1 0.09536667551984124 1.0 1.1995677562381957e-07 1.0 0.033264369680420736
8929.999996308896 29.923146909628784 0.0 0.9928190265886185 1.0 1.0 1.0 2.04170225122737
