9368.0 49.97103297974543 0.045827496137037925 0.0 1.0 0.0 1.0 2.2929203764631394
9483.0 49.9130203922037 0.06902274775997752 0.0 1.0 1.0 1.0 0.029628516689563643
2293.0 49.88214020693818 0.08187004542789782 0.0 1.0 1.0 1.0 2.0072169982635164
9200.0 49.85144114125917 0.05817797901667443 0.0 1.0 1.0 1.0 2.0287246415197124
100.0 40.73205200932602 0.05266723564657904 1.0 1.0 0.0 1.0 3.0068493605613815
1792.0 5.969487701501329 0.05826153363356568 0.0 1.0 0.0 2.0 2.050728714794978
792.0 36.253030142867765 0.018429726558238387 0.0 1.0 0.0 1.0 2.0210598966401387
2792.0 49.91502941218044 0.08258368626209672 1.0 1.0 1.0 1.0 2.017558162678762
1792.0 50.0 0.026379823084601094 0.0 1.0 0.0 1.0 2.056662838846575
792.0 16.57333679549158 0.1 0.0 1.0 0.0 1.0 2.0147257303096957
2792.0 40.73205200932602 0.05266723564657904 1.0 1.0 0.0 1.0 2.155369694088484
1792.0 1.0 0.011182735844659349 0.0 1.0 0.0 1.0 3.021853236091016
2263.000000166971 29.087829545672122 0.07113060425743067 1.0 1.0 1.0 1.0 2.010532979236308
791.9999999413666 41.84713677823356 0.05266723585986522 0.0 1.0 0.0 1.0 0.022839549349909383
7766.0000000615055 13.556063464540642 0.03131301982051105 0.0 1.0 1.0 2.0 2.0264487761901213
8929.999999801357 29.150931227611515 0.08951485058908705 1.0 1.0 1.0 1.0 2.0413034408236634
635.9999999943874 8.402128577170728 0.06029347223821785 0.0 1.01 0.9978267876645011 1.9916823765636642 2.014982289487218
1470.0000000132582 8.866848536321932 0.06722985115754998 0.0 1.01 0.9978030495723491 1.9661532145282394 2.0340898224167296
5928.000000077238 13.792165112494581 0.0018259360316280732 0.156313636126566 1.01 1.0 2.0 2.0180730103263897
8332.00000016177 17.62754580306248 0.09227767533908922 0.20636152444321043 1.01 1.0 2.0 2.0287896682808477
