8147.0 6.57345495697016 0.07724754632855174 1.0 1.0 0.0 2.0 2.4657568528322034
3467.0 6.580777987336281 0.00021980104920905032 1.0 1.0 1.0 2.0 2.019894498544029
101.0 6.565465399331743 0.007929037773275463 0.0 1.0 0.0 1.0 3.001696127193834
4033.0 28.570485757175398 0.07113060409237752 1.0 1.0 1.0 2.0 2.0370532215752073
2263.0 49.876880437437585 0.08015379365473421 1.0 1.0 1.0 1.0 0.014253991735207657
2263.0 37.31556778246072 0.0502636763587664 1.0 1.0 1.0 1.0 0.01200698577096282
2263.0 28.570485757175398 0.07113060409237752 0.0 1.0 0.0 2.0 2.104359125281898
492.0 1.0 0.01378489603288801 1.0 1.0 0.0 2.0 2.024540572914853
3148.0 50.0 0.1 1.0 1.0 0.0 2.0 2.3959513999991877
4034.0 12.162074723031527 0.0770580656050674 1.0 1.0 1.0 1.0 2.0133269948733648
2263.0 18.13251416975038 0.05125309833005576 1.0 1.0 1.0 1.0 2.0085729662611542
2263.0 37.31943563174635 0.1 1.0 1.0 1.0 1.0 2.012005222172398
2263.000016068695 31.35737910870346 0.07112752543900579 0.9999982360920825 1.0 1.0 1.0 2.01093924187744
791.9997741486131 42.728278602915346 0.05506398867816273 0.0 1.0037443257134873 0.0 1.0 2.0177856201456126
791.9996645159745 44.37720327781179 0.1 0.0 1.0089242738000817 0.0 1.0 2.018183910842443
791.9997198354814 44.37720922377943 0.054970531687341784 0.0 1.0089242703181358 0.0 1.0 2.018192266225709
7766.000000063107 12.400489633574564 0.03131301506206534 0.0 1.0003917308606916 1.0 1.9993410500908175 2.0197981560926186
9482.999693524924 50.0 0.06905518821602473 0.0 1.01 1.0 1.0028475846906928 2.0228809588815317
1117.9999202111144 34.11786397967339 0.06575046249489727 0.0 1.0 0.0 1.0 2.0285099631496832
8929.999986382332 4.7937738251572135 0.08951577213797994 0.9999965011563141 1.0 1.0 1.0 2.024276868392398
8929.999983286361 2.0622099591685874 0.08951662176397504 0.999996106296738 1.0 1.0 1.0010159939084797 2.0223901309458467
