4981.0 25.694288090067158 0.04278987565286744 1.0 1.0 1.0 2.0 2.043469119436142
4273.0 25.70582415017855 0.005325720894733092 0.0 1.0 0.0 2.0 2.186629094268684
504.0 25.676747656080764 0.02897335889555679 1.0 0.0 0.31154288125542956 2.0 3.0351709080184937
1705.0 21.92939007186481 0.1 1.0 1.0 0.0 2.0 2.139801506864721
1705.0 41.84713677817308 0.1 0.0 1.0 0.0 1.0 2.0484106151007477
100.0 1.0 0.1 1.0 1.0 0.0 1.0 3.002735459999594
792.0 50.0 0.1 0.0 1.0 0.0 1.0 2.025441649999797
2617.0 50.0 0.1 0.0 1.0 0.0 1.0 2.082381649999797
100.0 41.84713677817308 0.1 0.0 1.0 1.0 1.0 3.000343789983445
100.0 41.84713677817308 0.1 1.0 1.0 1.0 1.0 3.0006941081202276
792.0 41.84713677817308 0.1 0.0 1.0 0.0 1.0 2.0228280051081438
792.0 50.0 0.1 0.0 1.0 0.0 1.0 2.025441649999797
2263.000000009263 30.612827896110378 0.07114639928279874 1.0 1.0 1.0 1.0 2.010805968398943
792.0000000139008 39.50373901011707 0.05405041497153641 0.0017526396880929163 1.01 5.67316164579168e-05 2.0 2.0340410078799986
791.9999446488802 41.18912969079946 0.1 0.0025459900948376912 1.01 0.00012296378653742224 2.0 2.034884191498136
791.9999999683871 41.18914484604691 0.053545753446167736 0.0025459994512777584 1.01 0.0001229638599542504 2.0 2.034901600545001
7765.999999999823 12.144616853057958 0.03131301940145528 0.0 1.00366300975437 0.9999999597682854 2.0 0.1968499418681798
9483.000001250919 50.0 0.0724040206909079 0.00032626845690941764 1.01 1.0 1.0 2.022823369488663
1118.0000000033472 37.132994596435985 0.067099760047253 0.0006249742833497329 1.01 8.80657095247983e-06 2.0 2.0459665020440085
8930.000000006985 30.12677281760352 0.08954879370584887 1.0 1.0 1.0 1.0 0.04198558775066363
8930.000000006963 30.17212256523279 0.08955267575776865 1.0 1.0 1.0 1.0 2.0420172886881
