581.0000000000001 25.491226364417738 0.09770334439874177 1.0 1.01 0.7760806901864694 1.0004086939801307 0.020067594017788223
7361.9999999973215 36.16389747030466 0.012737748884470637 0.0 1.01 1.0 1.4096485977459463 0.02066400479816177
2486.0 23.47746618255825 0.028395069879158394 0.0 1.0 0.0 2.0 0.10457951988977394
2485.99990674807 45.21500689227117 0.1 2.9131571922524913e-05 1.0014836121801753 0.04372737256926107 1.9999345241562976 0.11322916332306844
2486.0 36.46421916060303 0.0419232373889044 0.0 1.0 0.0 2.0 0.1300552325316063
2486.0 45.21484223511705 0.018151436737779265 0.0 1.0 0.0 2.0 0.14724894344599915
2485.998251704656 45.205345723574666 0.0 0.0 1.0 0.600893310098618 2.0 0.1472768719878064
2485.998161647679 45.20556741794298 0.0 0.0 1.0 0.6446025501325925 2.0 0.1472773017754949
891.9973017113832 9.440362982014907 0.1 9.533500067160361e-07 1.0099662260455091 1.0 1.000014997561637 2.001075184397876
891.9973250029252 9.441228226635964 0.1 9.526162192408094e-07 1.0099662544223744 1.0 1.0000149383933379 2.0010752082940066
891.9999784002497 9.809644124389088 0.0 0.0 1.01 1.0 1.0 2.0010891342563575
891.9999999990824 9.810556253357397 0.0 0.0 1.01 1.0 1.0 2.0010891595116402
891.9963144398097 9.431125766249183 0.0 0.0 1.0 1.0 1.2141731766847765 2.0017025842154856
891.9962924984162 9.430644646492006 0.0 0.0 1.0 1.0 1.2150390681382108 2.0017037773576054
891.9989669816416 9.799788439133588 0.0 0.0 1.0 1.0 1.2126946772711402 2.0017165918386035
581.0 50.0 0.1 0.0 1.0 1.0 1.0 2.00188584499998
580.9999999937627 25.327401505290382 0.05128869464942489 0.9999865735135063 1.01 1.0 1.0 2.002001668899291
581.0128512055242 25.247828504422568 0.0 0.9999873159160502 1.01 1.0 1.0 2.002004444033033
580.9999792919044 25.325231817948588 0.0 0.9998154560688246 1.01 1.0 1.0 2.002007075234169
580.9999999937013 25.326214595304343 0.0 1.0 1.01 1.0 1.0 2.002007297224141
580.9995665441745 25.32685449794282 0.0 1.0 1.01 1.0 1.0000052410528184 2.002007329841343
891.9999784011842 9.63550207373888 0.0 0.0 1.01 1.0 1.9945239565300859 2.002162697205005
892.000000000008 9.636413261983249 0.0 0.0 1.01 1.0 2.0 2.0021686854329994
891.999999997172 9.810013135159334 0.015639307281401484 0.0 1.01 1.0 2.0 2.0021749318046016
581.0 25.491226364417738 0.09770334439874177 1.0 1.0 1.0 1.0 2.002607721462249
581.0 25.491226576608906 0.051288694746631086 1.0 1.0 1.0 1.0 2.002610020223223
892.0 9.636416588022096 0.01563930704874808 0.0 1.0 1.0 2.0 2.002814926976736
581.0 36.780592068807245 0.0 1.0 1.0 1.0 1.0 2.003157165995929
581.0 37.97188764058012 0.1 1.0 1.0 1.0 1.0 2.003204377835606
581.0 50.0 0.08754432848246049 1.0 1.0 1.0 1.0 2.0037800167266946
581.0 50.0 0.03989366567379748 1.0 1.0 1.0 1.0 2.0037826362951163
486.0000000000001 49.99999986238975 0.017278900492922203 1.0 1.0 1.0 2.0 2.0063837480911335
486.0 50.0 0.0 1.0 1.0 1.0 2.0 2.0063928775335014
3375.0 25.491226364417738 0.09770334439874177 0.0 1.0 1.0 1.0 2.0073485293874933
1486.0 34.251697961944025 0.07864025393704602 0.0 1.0 1.0 2.0 2.0075576170043634
581.0 50.0 0.1 1.0 1.0 1.0 2.0 2.007558979999919
1486.0 40.873884357605284 0.09132331176265274 0.0 1.0 1.0 2.0 2.008340107392723
1978.0 25.491226364417738 0.09770334439874177 1.0 1.0 1.0 1.0 2.008654378434274
1978.0 25.491226364417738 0.09770334439874177 1.0 1.0 1.0 1.0 2.008654378434274
1344.0000000003727 35.85326160672871 0.03929092485211999 0.9999936525172539 1.01 1.0 2.0 2.0108083633655323
8957.999999994548 20.4772983231831 0.003937001985526135 0.0 1.01 1.0 1.0 2.0135978114600346
1344.0 35.1938141189108 0.039290925394155546 1.0 1.0 1.0 2.0 2.0139093626801454
7361.999999997563 36.16403275771751 0.1 0.0 1.01 1.0 1.0 2.014656785904331
542.0 4.317007839363402 0.07831545757903793 1.0 1.0 0.0 1.0 2.01491758613401
3686.0 28.268401921337105 0.0 0.0 1.0 1.0 2.0 2.0168577785268464
8958.0 20.325134064924136 0.003937001780011518 0.0 1.0 1.0 1.0 2.0176238164563083
7362.0 36.16426578287779 0.012737749565900859 0.0 1.0 1.0 1.0 2.0190567748282295
581.0128731015012 25.40343225974712 0.0 1.0 1.01 0.7760836890945113 1.0003644467848718 2.0201091268636877
580.9999865553019 25.475819578242476 0.0 1.0 1.01 0.8978214669721309 1.000383239727909 2.0201357103547357
7361.999986185267 36.16441310126879 0.1 6.5714797836680106e-06 1.01 1.0 1.4093020282789839 2.020656092692245
7361.9999999887705 36.16392093522538 0.1 0.0 1.01 1.0 1.4096438187709484 2.0206608126970615
7460.0 46.95078617830847 0.04842369392609405 0.0 1.0 1.0 1.0 2.0224589049403607
375.0 9.789782734323541 0.07821063106935745 1.0 1.0 0.0 2.0 2.0243697786440764
9998.0 1.3436514875280432 0.0733779236740406 1.0 1.0 1.0 1.0 2.024476947653651
4915.0 40.57320359236151 0.06779920590784881 1.0 1.0 1.0 1.0 2.027187636045655
5269.0 3.923425445000833 0.046891045421214916 1.0 1.0 1.0 2.0 2.0279672601238974
2995.0 33.31885966440275 0.03286766581993086 1.0 1.0 1.0 2.0 2.0298160243088734
3461.0 25.491226364417738 0.09770334439874177 1.0 1.0 1.0 2.0 2.0301465411055037
7361.999706027466 36.15410943184941 0.0 0.0 1.0 1.0 1.6241254527159457 2.030949065874491
581.0093767816293 25.481806294757238 0.0 0.9525352364403941 1.0 0.8250682011830781 1.212871532771185 2.030984930474652
581.0 36.37358468409968 0.1 1.0 1.0 0.0 1.0 2.031279565780449
9740.0 11.971371121860404 0.06945225533644073 1.0 1.0 1.0 1.0 2.031947002194358
7045.0 30.17303638346854 0.09034389749871086 0.0 1.0 1.0 2.0 2.0331659446468833
7460.000000000236 47.00313343879609 0.0484236931985279 0.0 1.01 1.0 2.0 2.034575686305609
581.0 50.0 0.04917866161828834 1.0 1.0 0.0 1.0 2.037820138260589
3304.0 49.606603623589855 0.035755727167810385 1.0 1.0 1.0 2.0 2.0413441954245117
4914.999999998802 40.621951356922914 0.06779920514697596 0.999963489096213 1.01 1.0 2.0 2.0418553065434963
3416.0 49.00893144193343 0.0773152676226014 1.0 1.0 1.0 2.0 2.0424086860089417
2021.0 25.491226364417738 0.09770334439874177 0.0 1.0 0.0 1.0 2.0441825968809377
3723.0 4.6026010406438544 0.006052734612341915 0.0 1.0 0.0 1.0 2.0504766735872275
2975.0 13.738565092501839 0.07424972983025806 0.0 1.0 0.0 1.0 2.0510603746391878
9506.0 4.675199358101708 0.027876674921797486 1.0 1.0 1.0 2.0 2.0515111443195364
1936.0 25.491226364417738 0.09770334439874177 0.0 1.0 0.0 2.0 2.0846861254539144
1486.0 45.21484223511705 0.018151436737779265 1.0 1.0 0.0 1.0 2.088651901656495
2485.9999514949145 36.46413055377269 0.0 3.134524392267579e-06 1.0006925727997098 0.002204993359784524 2.0 2.1000945539481277
2486.0000000178825 45.195341856313746 0.1 0.0 1.01 0.14484126468016667 1.8327594231951287 2.1037340807795175
2485.9999882811317 23.477456820542347 0.1 0.0 1.0 0.0 2.0 2.1045389389719493
2485.999473550868 23.512342473956046 0.08710464201009084 0.0 1.0 0.0 1.9999988774648885 2.1046127825435024
2485.998253188624 23.467812465825556 0.0 0.0 1.0 0.6006433390835869 2.0 2.1046174274248575
3686.0 45.21484223511705 0.018151436737779265 0.0 1.0 0.0 1.0 2.108825017889034
2485.99983252289 45.30454199877684 0.1 1.9250977257856405e-05 1.0011098908555107 0.04369427359222855 2.0 2.1133669124623973
2486.0 32.73772995072376 0.0 0.0 1.0 0.0 2.0 2.1228095279412034
2486.000000000043 36.464172927365645 0.1 0.0 1.0 0.0 2.0 2.1300251100860925
2485.998250488327 36.455142482312006 0.0 0.0 1.0 0.6003933680685558 2.0 2.1301047850002375
2485.9999667793904 37.43739254482857 0.1 0.0 1.0 0.0 2.0 2.131935032373526
2486.0 45.21484223511705 0.018151436737779265 0.0 1.0 0.0 2.0 2.147248943445999
2485.999936316964 45.304218496989364 0.1 0.0 1.0 0.0 2.0 2.1473735189749963
1435.0 35.007324172904234 0.06618897766167604 1.0 1.0 0.0 2.0 2.1478889614546612
2486.000000000393 46.468126922854054 0.018151436351668368 0.0 1.0 0.0 2.0 2.149708489580458
2486.0 46.575745825145006 0.005258487343475227 0.0 1.0 0.0 2.0 2.149939935910166
2486.0 50.0 0.1 0.0 1.0 0.0 2.0 2.1565888999995937
2486.0 50.0 0.01288376631617399 0.0 1.0 0.0 2.0 2.156646412781698
2486.0 50.0 0.007426709997105138 0.0 1.0 0.0 2.0 2.1566553507025517
8057.0 20.97157357594986 0.056839096910841706 0.0 1.0 0.0 1.0 2.1605663401556425
4634.0 15.735906444830201 0.09122814583592453 0.0 1.0 0.0 2.0 2.1659777328109913
5900.0 43.02465036423232 0.03509488027549121 0.0 1.0 0.0 1.0 2.168696876363881
1936.0 25.491226364417738 0.09770334439874177 1.0 1.0 0.0 2.0 2.169451783534086
1486.0 45.21484223511705 0.018151436737779265 1.0 1.0 0.0 2.0 2.1773038033129892
3930.0 45.32313910816198 0.06108577831633814 1.0 1.0 0.0 1.0 2.232337556146032
2618.0 27.56425431158258 0.09028018348893296 1.0 1.0 0.0 2.0 2.237066172801129
6408.0 23.085338682528086 0.09109135503939136 0.0 1.0 0.0 2.0 2.266169682992887
5496.0 3.684930158835439 0.029087280036703713 1.0 1.0 0.0 2.0 2.2896553715069325
3502.0 25.326507653591722 0.05475527566019526 1.0 1.0 0.0 2.0 2.3041483370083617
9994.0 12.049308992133978 0.07370551047536213 1.0 1.0 0.0 1.0 2.328392762826072
9235.0 26.093216887224976 0.0761087128584764 1.0 1.0 0.0 1.0 2.405010582332162
3434.0 48.464501732478666 0.09748884647064128 1.0 1.0 0.0 2.0 2.423343878477128
6086.0 28.572889619002154 0.05505128349379962 1.0 1.0 0.0 2.0 2.558155083436477
6555.0 26.077157389421277 0.054929644928603506 1.0 1.0 0.0 2.0 2.5753640497452235
9995.0 21.513078545261617 0.03277935941155361 1.0 1.0 0.0 2.0 2.8049348881729648
100.0 1.0 0.0471146444753236 1.0 1.0 1.0 2.0 3.00055240296259
100.0 25.491226364417738 0.09770334439874177 1.0 1.0 1.0 2.0 3.0010516032630177
100.0 25.491226364417738 0.09770334439874177 1.0 1.0 1.0 2.0 3.0010516032630177
100.0 25.491226364417738 0.09770334439874177 1.0 1.0 1.0 2.0 3.0010516032630177
582.0 38.76355827030399 0.05392058195494807 0.0 2.0 1.0 1.0 3.001247608071279
581.0 1.0 0.1 1.0 1.0 1.0 1.0 3.0014366039999594
581.0 1.0 0.08924543686102251 1.0 1.0 1.0 1.0 3.001437056187728
227.0 13.131995399921491 0.07835326178276522 1.0 1.0 1.0 2.0 3.0016533366498894
100.0 1.0 0.046514520970893355 1.0 1.0 0.0 1.0 3.002762404263031
100.0 50.0 0.09386564933501372 0.0 1.0 0.0 1.0 3.003852520228007
100.0 25.491226364417738 0.09770334439874177 0.0 1.0 0.0 2.0 3.0052182500019593
100.0 25.491226364417738 0.09770334439874177 1.0 1.0 0.0 1.0 3.0052580163150875
2583.0 27.555316935935924 0.08713688661855794 0.0 2.0 1.0 2.0 3.0089924415983966
581.0 1.0 0.040318812130988806 1.0 1.0 0.0 1.0 3.0143971995003174
2445.0 15.713790601740182 0.03362621322163558 0.0 2.0 0.0 1.0 3.0337989077644427
2486.0 1.0 0.005511519379220106 0.0 1.0 0.0 2.0 3.0604978580785107
3502.0 48.16976254441391 0.05025320178696249 0.0 0.0 0.2563874138104902 1.0 3.082680628979884
6572.0 35.48159103421008 0.045448681496079765 1.0 2.0 0.0 2.0 3.518269041318096
