2486.0 45.21484223511705 0.018151436737779265 0.0 1.0 0.0 2.0 0.14724894344599915
581.0 25.491226576608906 0.051288694746631086 1.0 1.0 1.0 1.0 2.002610020223223
892.0 9.636416588022096 0.01563930704874808 0.0 1.0 1.0 2.0 2.002814926976736
1344.0 35.1938141189108 0.039290925394155546 1.0 1.0 1.0 2.0 2.0139093626801454
8958.0 20.325134064924136 0.003937001780011518 0.0 1.0 1.0 1.0 2.0176238164563083
7362.0 36.16426578287779 0.012737749565900859 0.0 1.0 1.0 1.0 2.0190567748282295
7460.0 46.95078617830847 0.04842369392609405 0.0 1.0 1.0 1.0 2.0224589049403607
4915.0 40.57320359236151 0.06779920590784881 1.0 1.0 1.0 1.0 2.027187636045655
5269.0 3.923425445000833 0.046891045421214916 1.0 1.0 1.0 2.0 2.0279672601238974
2995.0 33.31885966440275 0.03286766581993086 1.0 1.0 1.0 2.0 2.0298160243088734
9740.0 11.971371121860404 0.06945225533644073 1.0 1.0 1.0 1.0 2.031947002194358
7045.0 30.17303638346854 0.09034389749871086 0.0 1.0 1.0 2.0 2.0331659446468833
3723.0 4.6026010406438544 0.006052734612341915 0.0 1.0 0.0 1.0 2.0504766735872275
2975.0 13.738565092501839 0.07424972983025806 0.0 1.0 0.0 1.0 2.0510603746391878
9506.0 4.675199358101708 0.027876674921797486 1.0 1.0 1.0 2.0 2.0515111443195364
1435.0 35.007324172904234 0.06618897766167604 1.0 1.0 0.0 2.0 2.1478889614546612
8057.0 20.97157357594986 0.056839096910841706 0.0 1.0 0.0 1.0 2.1605663401556425
4634.0 15.735906444830201 0.09122814583592453 0.0 1.0 0.0 2.0 2.1659777328109913
5900.0 43.02465036423232 0.03509488027549121 0.0 1.0 0.0 1.0 2.168696876363881
3930.0 45.32313910816198 0.06108577831633814 1.0 1.0 0.0 1.0 2.232337556146032
2618.0 27.56425431158258 0.09028018348893296 1.0 1.0 0.0 2.0 2.237066172801129
6408.0 23.085338682528086 0.09109135503939136 0.0 1.0 0.0 2.0 2.266169682992887
5496.0 3.684930158835439 0.029087280036703713 1.0 1.0 0.0 2.0 2.2896553715069325
9235.0 26.093216887224976 0.0761087128584764 1.0 1.0 0.0 1.0 2.405010582332162
