9998.0 1.3436514875280432 0.0733779236740406 1.0 1.0 1.0 1.0 2.024476947653651
9995.0 21.513078545261617 0.03277935941155361 1.0 1.0 0.0 2.0 2.8049348881729648
9994.0 12.049308992133978 0.07370551047536213 1.0 1.0 0.0 1.0 2.328392762826072
581.0 1.0 0.040318812130988806 1.0 1.0 0.0 1.0 3.0143971995003174
581.0 1.0 0.08924543686102251 1.0 1.0 1.0 1.0 3.001437056187728
581.0 50.0 0.1 1.0 1.0 1.0 2.0 2.007558979999919
100.0 25.491226364417738 0.09770334439874177 1.0 1.0 1.0 2.0 3.0010516032630177
1936.0 25.491226364417738 0.09770334439874177 1.0 1.0 0.0 2.0 2.169451783534086
100.0 25.491226364417738 0.09770334439874177 0.0 1.0 0.0 2.0 3.0052182500019593
581.0 37.97188764058012 0.1 1.0 1.0 1.0 1.0 2.003204377835606
1936.0 25.491226364417738 0.09770334439874177 0.0 1.0 0.0 2.0 2.0846861254539144
581.0 36.780592068807245 0.0 1.0 1.0 1.0 1.0 2.003157165995929
581.0093767816293 25.481806294757238 0.0 0.9525352364403941 1.0 0.8250682011830781 1.212871532771185 2.030984930474652
7361.999706027466 36.15410943184941 0.0 0.0 1.0 1.0 1.6241254527159457 2.030949065874491
2485.998253188624 23.467812465825556 0.0 0.0 1.0 0.6006433390835869 2.0 2.1046174274248575
2485.998161647679 45.20556741794298 0.0 0.0 1.0 0.6446025501325925 2.0 0.1472773017754949
2485.998250488327 36.455142482312006 0.0 0.0 1.0 0.6003933680685558 2.0 2.1301047850002375
2485.998251704656 45.205345723574666 0.0 0.0 1.0 0.600893310098618 2.0 0.1472768719878064
891.9962924984162 9.430644646492006 0.0 0.0 1.0 1.0 1.2150390681382108 2.0017037773576054
891.9963144398097 9.431125766249183 0.0 0.0 1.0 1.0 1.2141731766847765 2.0017025842154856
891.9989669816416 9.799788439133588 0.0 0.0 1.0 1.0 1.2126946772711402 2.0017165918386035
