3304.0 49.606603623589855 0.035755727167810385 1.0 1.0 1.0 2.0 2.0413441954245117
3434.0 48.464501732478666 0.09748884647064128 1.0 1.0 0.0 2.0 2.423343878477128
3416.0 49.00893144193343 0.0773152676226014 1.0 1.0 1.0 2.0 2.0424086860089417
581.0 25.491226364417738 0.09770334439874177 1.0 1.0 1.0 1.0 2.002607721462249
100.0 25.491226364417738 0.09770334439874177 1.0 1.0 1.0 2.0 3.0010516032630177
581.0 50.0 0.03989366567379748 1.0 1.0 1.0 1.0 2.0037826362951163
1978.0 25.491226364417738 0.09770334439874177 1.0 1.0 1.0 1.0 2.008654378434274
3375.0 25.491226364417738 0.09770334439874177 0.0 1.0 1.0 1.0 2.0073485293874933
1978.0 25.491226364417738 0.09770334439874177 1.0 1.0 1.0 1.0 2.008654378434274
100.0 25.491226364417738 0.09770334439874177 1.0 1.0 0.0 1.0 3.0052580163150875
581.0 36.37358468409968 0.1 1.0 1.0 0.0 1.0 2.031279565780449
581.0 50.0 0.1 0.0 1.0 1.0 1.0 2.00188584499998
581.0128731015012 25.40343225974712 0.0 1.0 1.01 0.7760836890945113 1.0003644467848718 2.0201091268636877
7361.9999999887705 36.16392093522538 0.1 0.0 1.01 1.0 1.4096438187709484 2.0206608126970615
2485.999473550868 23.512342473956046 0.08710464201009084 0.0 1.0 0.0 1.9999988774648885 2.1046127825435024
2485.99983252289 45.30454199877684 0.1 1.9250977257856405e-05 1.0011098908555107 0.04369427359222855 2.0 2.1133669124623973
2485.9999667793904 37.43739254482857 0.1 0.0 1.0 0.0 2.0 2.131935032373526
2485.999936316964 45.304218496989364 0.1 0.0 1.0 0.0 2.0 2.1473735189749963
891.9973017113832 9.440362982014907 0.1 9.533500067160361e-07 1.0099662260455091 1.0 1.000014997561637 2.001075184397876
891.9973250029252 9.441228226635964 0.1 9.526162192408094e-07 1.0099662544223744 1.0 1.0000149383933379 2.0010752082940066
581.0128512055242 25.247828504422568 0.0 0.9999873159160502 1.01 1.0 1.0 2.002004444033033
