3952.9995665441747 45.27481361033589 0.0727125958207939 0.0 1.0 0.8187129636967504 2.0 2.233461930405721
3992.0 45.21295578769139 0.059712695419434296 0.0 1.0 0.0 2.0 2.2355645776133213
7362.0 36.16389747030466 0.012737748884470637 1.0 1.0 1.0 2.0 2.076237957728742
7362.0 1.0 0.0 0.0 1.0 1.0 1.0 2.0089213273833755
7362.0 45.266399553578225 0.04913534549026864 0.0 1.0 1.0 2.0 2.04335837614263
9990.0 36.16389747030466 0.012737748884470637 0.0 1.0 0.0 2.0 2.5167587765541857
9991.0 26.0737586419025 0.0 1.0 1.0 1.0 1.0 2.043802246830438
7362.0 1.0 0.0 0.0 1.0 1.0 1.0 3.0089213273833755
9991.0 36.16389747030466 0.012737748884470637 1.0 1.0 0.0 1.0 2.516866800074266
7362.0 50.0 0.011458209036010227 0.0 1.0 1.0 2.0 2.0460910893090754
7362.0 25.1961969476533 0.1 0.0 1.0 1.0 2.0 2.0317838524512495
4734.0 29.841680460420847 0.07959823983807869 0.0 1.0 1.0 2.0 2.022196627005033
581.0051208354241 25.525838683267096 0.1 0.9899156736112871 1.0 0.7762558947399125 1.0 2.0259610813578917
7361.999982969716 36.16504231798309 0.012020543285274472 0.0 1.0 1.0 1.452225821405594 2.0276751407376157
2485.999181384435 23.27081828400168 0.03584468979252361 0.0 1.0 1.0573934310365019e-05 1.9787995291900367 2.1030636357225783
2485.9997551890483 45.65493671657743 0.0 0.0 1.0 0.04382115935938624 2.0 2.1481592734285533
2485.999617325885 38.064348234669566 0.042740114707232636 0.0 1.0 9.000741130194001e-07 1.9866841411571783 2.1323080674580375
2485.999848389801 45.6550836427948 0.0 0.0 1.0 9.383367969850731e-05 2.0 2.148159567268155
2485.998099978515 45.650773712431445 0.0003436407957877966 0.0 1.0 0.6009871465065364 2.0 2.1481439190074623
2485.998009924266 45.650874596677845 0.00034363787639652094 0.0 1.0 0.6446963865502053 2.0 0.14814411170635317
892.0002867122099 9.659102435819518 0.1 0.0 1.0 1.0 1.0 2.001405587448826
892.0003097109918 9.659891495150214 0.1 0.0 1.0 1.0 1.0 2.0014056158574034
