6555.0 26.077157389421277 0.054929644928603506 1.0 1.0 0.0 2.0 2.5753640497452235
6086.0 28.572889619002154 0.05505128349379962 1.0 1.0 0.0 2.0 2.558155083436477
3502.0 25.326507653591722 0.05475527566019526 1.0 1.0 0.0 2.0 2.3041483370083617
3502.0 48.16976254441391 0.05025320178696249 0.0 0.0 0.2563874138104902 1.0 3.082680628979884
3686.0 28.268401921337105 0.0 0.0 1.0 1.0 2.0 2.0168577785268464
2486.0 50.0 0.01288376631617399 0.0 1.0 0.0 2.0 2.156646412781698
2486.0 50.0 0.007426709997105138 0.0 1.0 0.0 2.0 2.1566553507025517
3686.0 45.21484223511705 0.018151436737779265 0.0 1.0 0.0 1.0 2.108825017889034
2486.0 23.47746618255825 0.028395069879158394 0.0 1.0 0.0 2.0 0.10457951988977394
2486.0 50.0 0.1 0.0 1.0 0.0 2.0 2.1565888999995937
2486.0 32.73772995072376 0.0 0.0 1.0 0.0 2.0 2.1228095279412034
2486.0 1.0 0.005511519379220106 0.0 1.0 0.0 2.0 3.0604978580785107
7361.999999997563 36.16403275771751 0.1 0.0 1.01 1.0 1.0 2.014656785904331
2486.000000000043 36.464172927365645 0.1 0.0 1.0 0.0 2.0 2.1300251100860925
2486.0000000178825 45.195341856313746 0.1 0.0 1.01 0.14484126468016667 1.8327594231951287 2.1037340807795175
580.9999999937013 25.326214595304343 0.0 1.0 1.01 1.0 1.0 2.002007297224141
891.9999999990824 9.810556253357397 0.0 0.0 1.01 1.0 1.0 2.0010891595116402
581.0000000000001 25.491226364417738 0.09770334439874177 1.0 1.01 0.7760806901864694 1.0004086939801307 0.020067594017788223
892.000000000008 9.636413261983249 0.0 0.0 1.01 1.0 2.0 2.0021686854329994
486.0000000000001 49.99999986238975 0.017278900492922203 1.0 1.0 1.0 2.0 2.0063837480911335
