1469.0 48.3972321132718 0.08231390609473692 1.0 2.0 0.0 2.0 3.140518812314188
2060.0 30.127409884977983 0.0961345632737186 1.0 2.0 1.0 2.0 3.01502442948382
2486.0 11.447510413053212 0.01076737160519245 0.0 1.0 0.0 2.0 2.0809910658151494
100.0 1.0 0.002172538311360262 0.0 1.0 1.0 2.0 3.000281401340374
3760.0 23.47746618255825 0.028395069879158394 1.0 1.0 1.0 1.0 2.0157757772431952
5035.0 1.0 0.03823537189258627 1.0 1.0 1.0 2.0 2.024419285185638
1211.0 23.47746618255825 0.028395069879158394 0.0 1.0 1.0 2.0 2.005139617977122
2486.0 50.0 0.1 0.0 1.0 0.0 2.0 2.1565888999995937
2486.0 23.47746618255825 0.028395069879158394 0.0 1.0 1.0 1.0 2.0052289759944886
2486.0 22.048005574203103 0.025693272005135534 0.0 1.0 0.0 2.0 0.10177668531912062
2486.0 1.0 0.05659312937180349 0.0 1.0 0.0 2.0 3.060448151993887
5035.0 50.0 0.09590169866399781 0.0 1.0 0.0 2.0 2.3156481862736396
580.9990433956484 25.585139686141336 0.0 1.0 1.01 1.0 1.5714130237543258 2.0031692529695904
7361.999185095726 36.244804883447294 0.0 0.23323815444300733 1.01 1.0 1.9062510025311032 2.0345081851371716
2485.9991067853393 23.581604314098577 0.0 0.23715228698289126 1.01 1.0 2.0 2.0099780615693557
2485.9991831086495 45.26341005727252 0.0 0.20842124196257417 1.01 1.0 2.0 2.013702157720387
2485.9992573774707 36.52980536644389 0.0 0.31633405188236763 1.01 1.0 2.0 2.013190617829506
2485.999125609356 45.30152095132004 0.0 0.2875738752901247 1.01 1.0 2.0 2.014607623480636
2485.997546889252 45.29203504742225 0.0 0.3523552676110797 1.01 1.0 2.0 2.0153411028019215
2485.997306240143 45.29164509825705 0.0 0.28035340471846193 1.01 1.0 2.0 2.014523736662953
2485.997436876977 45.733607652920526 0.0 0.28519409747610913 1.01 1.0 2.0 2.014664447601942
891.9964358066269 9.554668157065317 0.0 0.24761919608913385 1.01 1.0 1.5205977390285987 2.0020531075146377
