203.0 2.9641764390634595 0.06927984240635791 0.0 1.0 0.0 2.0 3.005595312999242
705.0 39.027892640047696 0.06933934181413334 0.0 1.0 0.0 1.0 2.019589032064817
1817.0 1.0 0.1 0.0 1.0 1.0 1.0 2.0022125479999797
581.0 50.0 0.1 1.0 1.0 0.0 1.0 2.037794899999594
581.0 50.0 0.041843234792384915 1.0 1.0 1.0 1.0 2.003782498731416
581.0 50.0 0.1 1.0 1.0 1.0 1.0 2.0037794899999595
100.0 25.491226364417738 0.09770334439874177 0.0 1.0 0.0 1.0 3.0026091250009794
581.0 1.0 0.1 1.0 1.0 0.0 1.0 3.0143660399995937
100.0 25.491226364417738 0.09770334439874177 1.0 1.0 0.0 1.0 3.0052580163150875
1818.0 25.491226364417738 0.09770334439874177 1.0 1.0 1.0 1.0 2.0079618479292463
3054.0 1.0 0.1 1.0 1.0 0.0 1.0 3.074163179999594
100.0 14.387432567913363 0.03031835900413092 1.0 1.0 0.0 2.0 2.0083054616841567
580.9998400916493 25.489200502887382 0.1 1.0 1.01 0.0 1.0 2.0200579226207376
7361.999944680114 36.16188844462328 0.1 0.004145482639172915 1.01 0.0 1.363950027607205 2.2007335728480153
2485.9999228171587 22.04603353629812 0.1 0.0037196301071018567 1.01 0.0 1.954293440423947 2.076749855627791
2485.9999191488496 23.47546284267177 0.1 0.0037582277040637546 1.01 0.0 1.954261341288767 2.078867995304707
2485.9997348586403 45.21300595436951 0.1 0.00190157238795563 1.01 0.0 1.9542139671351904 2.110844925146656
2485.9999016257207 36.462220858609435 0.0 0.003401764256263373 1.01 0.0 1.954216258489249 2.0981329155679043
2485.9999328985336 45.21282617885925 0.1 0.0038989563180047426 1.01 0.0 1.954349337802657 2.11107344732045
2485.998208838932 45.20336777973932 0.0 0.0045581217719425915 1.01 0.0 1.9543393294597582 2.11120536469992
2485.9981187718727 45.203552298877945 0.0 0.004517518528626141 1.01 0.0 1.9542929257531365 2.111198496806741
2485.997966477042 45.64887551551354 0.0 0.0044889160153327445 1.01 0.0 1.9542465220464704 2.1118525133257076
