582.0 38.76355827030399 0.05392058195494807 0.0 2.0 1.0 1.0 3.001247608071279
2445.0 15.713790601740182 0.03362621322163558 0.0 2.0 0.0 1.0 3.0337989077644427
6572.0 35.48159103421008 0.045448681496079765 1.0 2.0 0.0 2.0 3.518269041318096
2583.0 27.555316935935924 0.08713688661855794 0.0 2.0 1.0 2.0 3.0089924415983966
486.0 50.0 0.0 1.0 1.0 1.0 2.0 2.0063928775335014
1486.0 34.251697961944025 0.07864025393704602 0.0 1.0 1.0 2.0 2.0075576170043634
2486.0 46.575745825145006 0.005258487343475227 0.0 1.0 0.0 2.0 2.149939935910166
2486.0 36.46421916060303 0.0419232373889044 0.0 1.0 0.0 2.0 0.1300552325316063
2486.0 45.21484223511705 0.018151436737779265 0.0 1.0 0.0 2.0 2.147248943445999
1486.0 45.21484223511705 0.018151436737779265 1.0 1.0 0.0 2.0 2.1773038033129892
1486.0 45.21484223511705 0.018151436737779265 1.0 1.0 0.0 1.0 2.088651901656495
1486.0 40.873884357605284 0.09132331176265274 0.0 1.0 1.0 2.0 2.008340107392723
2486.000000000393 46.468126922854054 0.018151436351668368 0.0 1.0 0.0 2.0 2.149708489580458
580.9999999937627 25.327401505290382 0.05128869464942489 0.9999865735135063 1.01 1.0 1.0 2.002001668899291
891.999999997172 9.810013135159334 0.015639307281401484 0.0 1.01 1.0 2.0 2.0021749318046016
1344.0000000003727 35.85326160672871 0.03929092485211999 0.9999936525172539 1.01 1.0 2.0 2.0108083633655323
8957.999999994548 20.4772983231831 0.003937001985526135 0.0 1.01 1.0 1.0 2.0135978114600346
7361.9999999973215 36.16389747030466 0.012737748884470637 0.0 1.01 1.0 1.4096485977459463 0.02066400479816177
7460.000000000236 47.00313343879609 0.0484236931985279 0.0 1.01 1.0 2.0 2.034575686305609
4914.999999998802 40.621951356922914 0.06779920514697596 0.999963489096213 1.01 1.0 2.0 2.0418553065434963
