227.0 13.131995399921491 0.07835326178276522 1.0 1.0 1.0 2.0 3.0016533366498894
375.0 9.789782734323541 0.07821063106935745 1.0 1.0 0.0 2.0 2.0243697786440764
542.0 4.317007839363402 0.07831545757903793 1.0 1.0 0.0 1.0 2.01491758613401
100.0 25.491226364417738 0.09770334439874177 1.0 1.0 1.0 2.0 3.0010516032630177
581.0 50.0 0.04917866161828834 1.0 1.0 0.0 1.0 2.037820138260589
100.0 1.0 0.0471146444753236 1.0 1.0 1.0 2.0 3.00055240296259
100.0 1.0 0.046514520970893355 1.0 1.0 0.0 1.0 3.002762404263031
2021.0 25.491226364417738 0.09770334439874177 0.0 1.0 0.0 1.0 2.0441825968809377
3461.0 25.491226364417738 0.09770334439874177 1.0 1.0 1.0 2.0 2.0301465411055037
581.0 1.0 0.1 1.0 1.0 1.0 1.0 3.0014366039999594
581.0 50.0 0.08754432848246049 1.0 1.0 1.0 1.0 2.0037800167266946
100.0 50.0 0.09386564933501372 0.0 1.0 0.0 1.0 3.003852520228007
580.9999865553019 25.475819578242476 0.0 1.0 1.01 0.8978214669721309 1.000383239727909 2.0201357103547357
7361.999986185267 36.16441310126879 0.1 6.5714797836680106e-06 1.01 1.0 1.4093020282789839 2.020656092692245
2485.9999882811317 23.477456820542347 0.1 0.0 1.0 0.0 2.0 2.1045389389719493
2485.9999514949145 36.46413055377269 0.0 3.134524392267579e-06 1.0006925727997098 0.002204993359784524 2.0 2.1000945539481277
2485.99990674807 45.21500689227117 0.1 2.9131571922524913e-05 1.0014836121801753 0.04372737256926107 1.9999345241562976 0.11322916332306844
891.9999784002497 9.809644124389088 0.0 0.0 1.01 1.0 1.0 2.0010891342563575
580.9995665441745 25.32685449794282 0.0 1.0 1.01 1.0 1.0000052410528184 2.002007329841343
580.9999792919044 25.325231817948588 0.0 0.9998154560688246 1.01 1.0 1.0 2.002007075234169
891.9999784011842 9.63550207373888 0.0 0.0 1.01 1.0 1.9945239565300859 2.002162697205005
