4904.0 44.9639123221868 0.051013366029962426 1.0 1.0 0.0663455783637838 2.0 0.484775436733493
7471.0 43.86190718800101 0.0 1.0 1.0 0.0 2.0 0.4920627141149305
6022.999983673274 20.03609413386529 0.1 1.0 1.0 0.0 2.0 0.4946889022852633
6306.999999999963 43.86190718800101 0.0 1.0 1.0 0.4495001051599893 1.0 0.5076774167713053
6359.0 43.530553563807736 0.05077045538688527 0.0 1.0 0.22027804468455892 2.0 0.5152346606195528
6023.0 19.955921612116136 0.06636468285531004 1.0 1.0 0.0 2.0 0.5483347117622827
2064.0001834977434 48.214496223020845 0.05074328533545656 0.053056482136715544 1.0 0.0 2.0 0.5531229449233559
2064.0 48.21447010082185 0.0507285021231356 0.0 1.0 0.0 2.0 0.5534339535168261
6389.0 42.650745017438375 0.051886737477733 1.0 1.0 0.47357518624909384 1.0 0.554624933096693
6023.0 37.570610026729405 0.08354382811551297 1.0 1.0 0.0 2.0 0.5590323382222372
2064.00000000636 48.19162635926227 0.1 5.0886653706783136e-05 1.0 0.0 1.999999999998181 0.5700209706794017
6388.999999989909 42.6651280074081 0.1 1.0 1.0 0.4735739700993366 1.0 0.571608037798048
2063.9999292136317 48.139085785682234 0.0 0.0 1.0 0.0 2.0 0.5738797805598114
6993.0 19.955921612116136 0.06636468285531004 1.0 1.0 0.0 2.0 0.5745741534271865
6430.999999998996 41.43423082094422 0.0 1.0 1.0 0.0 1.0 0.5849220561097264
6001.0 16.917010095193405 0.06313290809377795 1.0 1.0 0.0 2.0 0.5893215279749227
2064.000183504111 48.19159681532978 0.1 0.05311498893176425 1.0 0.0 1.999999999998021 0.5941177354941716
6307.0 43.86911668079085 0.09020288520964456 1.0 1.0 0.44950081880103687 1.0 0.5976854519177613
5053.0 46.20728171752345 0.05593000302377214 1.0 1.0 0.0 2.0 0.5981267013392972
6431.0 41.446867253576976 0.060785541117101854 1.0 1.0 0.0 1.0 0.6055361295145129
6388.999962303705 42.599727645160016 0.0 0.9637907391185025 1.0 0.27215777403102415 1.023980544557448 0.6120622555142293
6022.999893817747 20.000683769662082 0.0 0.9603880856148614 1.0 0.0 2.0 0.6150190816588127
6022.999983673154 20.026673603741564 0.066380419818154 1.0 1.0 0.0 2.0 0.6212926540464063
6023.00000000012 19.965751843598788 0.1 1.0 1.0 0.0 2.0 0.6272811220333537
6023.0 7.513216494437515 0.0 1.0 1.0 0.0 2.0 0.629624908777306
6022.999877491021 20.082145973232322 0.0 0.9569351488064366 1.0 0.0 2.0 0.6321678022485605
6358.999920435117 43.474023648070876 0.0 0.0 1.0 0.019514345405477085 2.0 0.6330689979018292
6001.000000000269 16.93847590909213 0.1 1.0 1.0 0.0 2.0 0.6349456208310474
2389.0001676788274 17.937651199129565 0.08544685448335045 0.19086263908759715 1.0 0.0 2.0 0.6391660102142056
7471.0 43.59064650379921 0.055463978141975415 1.0 0.0 0.0 1.0 0.6453488372093024
8813.000022869108 24.700670619121382 0.09182143926502813 1.0 1.0 0.6853372401387234 2.0 0.6492390641704142
8813.0 24.688309087262567 0.09180281824685628 1.0 1.0 1.0 2.0 0.6594721594590228
577.0 31.121636416166155 0.005643567710927436 1.0 0.0 0.0 2.0 0.6683168316831682
6534.0 48.065261714958176 0.0569584643879688 0.0 0.0 0.0 2.0 0.6692307692307693
6000.999973414553 16.99829731248618 0.06314863158121593 1.0 1.0 0.0 2.0 0.6732638888888889
5035.0 49.09526140873706 0.02748836047257174 1.0 0.0 0.0 2.0 0.6946902654867257
6306.999920291208 43.804303398590136 0.0 0.9624162688358557 1.0 0.250110876162914 1.0212316039921543 0.6961819858149296
4903.999917414318 44.90012782032721 0.0 0.9603713245130536 1.0 0.0 2.0 0.6970802919708029
2389.0 17.88099044871004 0.08543274342462154 0.0 1.0 0.0 2.0 0.6987495554516171
6533.99998861383 48.06543465187579 0.056968520508978784 0.0 0.516424389351396 0.0 2.0 0.7032085561497325
5143.0 12.528024958337838 0.0 0.0 1.0 0.0 1.0 0.7062722671982533
7859.0 31.47453193980167 0.00398340018207712 1.0 0.0 0.0 2.0 0.7068965517241379
5035.000022954347 49.08980957347723 0.02750025292940586 0.9322431619413721 0.6461150799715274 0.0 2.0 0.7193877551020409
6001.0 42.631354360033725 0.012138369393218343 1.0 1.0 0.0 2.0 0.725
6023.0 50.0 0.1 1.0 1.0 0.0 2.0 0.7390539148351648
5532.0 16.629063471337247 0.06543953089033865 0.0 0.0 0.0 1.0 0.7447552447552448
9379.0 7.330986331904904 0.0627567511969535 1.0 1.0 1.0 1.0 0.7453545096618939
2064.000077461163 48.13803668834744 0.0 0.012053336367762402 1.0 0.0 2.0 0.7532467532467533
1604.0 25.111579869060737 0.0922415599939612 0.0 0.0 0.0 1.0 0.76
137.0 34.28888048639907 0.010892750783750411 0.0 0.0 0.0 1.0 0.7647058823529411
899.0 4.376646739128477 0.05873288540580882 1.0 1.0 0.0 1.0 0.7663793018938436
6001.0 1.0 0.049335867823697276 1.0 1.0 0.0 2.0 0.7682926829268293
3283.0 7.195976644635418 0.016085888307760022 0.0 0.0 0.0 1.0 0.7710843373493976
6023.0 1.0 0.05289987262166362 1.0 1.0 0.0 2.0 0.7777777777777778
6001.0 1.1937575829868177 0.018746761943267735 1.0 1.0 0.0 2.0 0.8017165690121665
3271.0 46.07849061688247 0.02410048894515059 0.0 0.0 1.0 2.0 0.8133333333333334
8001.0 1.0 0.01765874615449524 1.0 1.0 1.0 1.0 0.8176912390297002
4001.0 16.917010095193405 0.06313290809377795 0.0 0.0 0.0 2.0 0.8181818181818181
8813.0 22.526157612811783 0.04763737582719056 1.0 0.0 1.0 2.0 0.8357487922705313
7963.0 19.955921612116136 0.06636468285531004 0.0 0.0 1.0 2.0 0.8472222222222222
6307.0 43.86190718800101 0.0 1.0 1.0 1.0 2.0 0.8507462686567164
4375.0 38.373364485409674 0.013126020072262535 1.0 0.0 1.0 2.0 0.8517350157728707
6546.0 34.907474027331304 0.0022404136552584514 1.0 0.0 1.0 2.0 0.8559322033898304
8635.0 50.0 0.0 1.0 1.0 1.0 1.0 0.8571428571428572
1603.0 36.404436525796214 0.09810019035073113 0.0 1.0 1.0 1.0 0.8641654931810447
5143.0 1.0 0.0 0.0 1.0 0.0 1.0 0.8736842105263158
7963.0 50.0 0.0 1.0 0.0 1.0 1.0 0.8888888888888888
6307.0 50.0 0.0 1.0 1.0 1.0 1.0 0.8918918918918919
6001.0 1.0 0.0884574690630912 1.0 1.0 0.0 2.0 0.8963414634146342
6001.0 1.0 0.021763708077975195 1.0 1.0 0.0 2.0 0.9027777777777778
9368.0 1.90447431579382 0.03166445629377476 0.0 1.0 0.0 1.0 0.9078947368421053
6307.0 1.0 0.0 1.0 1.0 0.0 1.0 0.9230769230769231
199.0 29.006979877488043 0.02148868177086255 0.0 1.0 1.0 1.0 0.9850187265917603
