6023.0 19.955921612116136 0.06636468285531004 1.0 1.0 0.0 2.0 0.5483347117622827
2064.0 48.21447010082185 0.0507285021231356 0.0 1.0 0.0 2.0 0.5534339535168261
6001.0 16.917010095193405 0.06313290809377795 1.0 1.0 0.0 2.0 0.5893215279749227
8813.0 24.688309087262567 0.09180281824685628 1.0 1.0 1.0 2.0 0.6594721594590228
6534.0 48.065261714958176 0.0569584643879688 0.0 0.0 0.0 2.0 0.6692307692307693
5035.0 49.09526140873706 0.02748836047257174 1.0 0.0 0.0 2.0 0.6946902654867257
2389.0 17.88099044871004 0.08543274342462154 0.0 1.0 0.0 2.0 0.6987495554516171
7859.0 31.47453193980167 0.00398340018207712 1.0 0.0 0.0 2.0 0.7068965517241379
5532.0 16.629063471337247 0.06543953089033865 0.0 0.0 0.0 1.0 0.7447552447552448
9379.0 7.330986331904904 0.0627567511969535 1.0 1.0 1.0 1.0 0.7453545096618939
1604.0 25.111579869060737 0.0922415599939612 0.0 0.0 0.0 1.0 0.76
899.0 4.376646739128477 0.05873288540580882 1.0 1.0 0.0 1.0 0.7663793018938436
3283.0 7.195976644635418 0.016085888307760022 0.0 0.0 0.0 1.0 0.7710843373493976
3271.0 46.07849061688247 0.02410048894515059 0.0 0.0 1.0 2.0 0.8133333333333334
8813.0 22.526157612811783 0.04763737582719056 1.0 0.0 1.0 2.0 0.8357487922705313
4375.0 38.373364485409674 0.013126020072262535 1.0 0.0 1.0 2.0 0.8517350157728707
6546.0 34.907474027331304 0.0022404136552584514 1.0 0.0 1.0 2.0 0.8559322033898304
1603.0 36.404436525796214 0.09810019035073113 0.0 1.0 1.0 1.0 0.8641654931810447
9368.0 1.90447431579382 0.03166445629377476 0.0 1.0 0.0 1.0 0.9078947368421053
199.0 29.006979877488043 0.02148868177086255 0.0 1.0 1.0 1.0 0.9850187265917603
