6023.0 19.955921612116136 0.06636468285531004 1.0 1.0 0.0 2.0 0.5483347117622827
2064.0001834977434 48.214496223020845 0.05074328533545656 0.053056482136715544 1.0 0.0 2.0 0.5531229449233559
2064.0 48.21447010082185 0.0507285021231356 0.0 1.0 0.0 2.0 0.5534339535168261
6389.0 42.650745017438375 0.051886737477733 1.0 1.0 0.47357518624909384 1.0 0.554624933096693
6001.0 16.917010095193405 0.06313290809377795 1.0 1.0 0.0 2.0 0.5893215279749227
6307.0 43.86911668079085 0.09020288520964456 1.0 1.0 0.44950081880103687 1.0 0.5976854519177613
6431.0 41.446867253576976 0.060785541117101854 1.0 1.0 0.0 1.0 0.6055361295145129
6022.999983673154 20.026673603741564 0.066380419818154 1.0 1.0 0.0 2.0 0.6212926540464063
2389.0001676788274 17.937651199129565 0.08544685448335045 0.19086263908759715 1.0 0.0 2.0 0.6391660102142056
8813.000022869108 24.700670619121382 0.09182143926502813 1.0 1.0 0.6853372401387234 2.0 0.6492390641704142
8813.0 24.688309087262567 0.09180281824685628 1.0 1.0 1.0 2.0 0.6594721594590228
6534.0 48.065261714958176 0.0569584643879688 0.0 0.0 0.0 2.0 0.6692307692307693
6000.999973414553 16.99829731248618 0.06314863158121593 1.0 1.0 0.0 2.0 0.6732638888888889
5035.0 49.09526140873706 0.02748836047257174 1.0 0.0 0.0 2.0 0.6946902654867257
2389.0 17.88099044871004 0.08543274342462154 0.0 1.0 0.0 2.0 0.6987495554516171
6533.99998861383 48.06543465187579 0.056968520508978784 0.0 0.516424389351396 0.0 2.0 0.7032085561497325
7859.0 31.47453193980167 0.00398340018207712 1.0 0.0 0.0 2.0 0.7068965517241379
5035.000022954347 49.08980957347723 0.02750025292940586 0.9322431619413721 0.6461150799715274 0.0 2.0 0.7193877551020409
6001.0 42.631354360033725 0.012138369393218343 1.0 1.0 0.0 2.0 0.725
5532.0 16.629063471337247 0.06543953089033865 0.0 0.0 0.0 1.0 0.7447552447552448
9379.0 7.330986331904904 0.0627567511969535 1.0 1.0 1.0 1.0 0.7453545096618939
1604.0 25.111579869060737 0.0922415599939612 0.0 0.0 0.0 1.0 0.76
899.0 4.376646739128477 0.05873288540580882 1.0 1.0 0.0 1.0 0.7663793018938436
6001.0 1.0 0.049335867823697276 1.0 1.0 0.0 2.0 0.7682926829268293
3283.0 7.195976644635418 0.016085888307760022 0.0 0.0 0.0 1.0 0.7710843373493976
6001.0 1.1937575829868177 0.018746761943267735 1.0 1.0 0.0 2.0 0.8017165690121665
3271.0 46.07849061688247 0.02410048894515059 0.0 0.0 1.0 2.0 0.8133333333333334
8001.0 1.0 0.01765874615449524 1.0 1.0 1.0 1.0 0.8176912390297002
4001.0 16.917010095193405 0.06313290809377795 0.0 0.0 0.0 2.0 0.8181818181818181
8813.0 22.526157612811783 0.04763737582719056 1.0 0.0 1.0 2.0 0.8357487922705313
4375.0 38.373364485409674 0.013126020072262535 1.0 0.0 1.0 2.0 0.8517350157728707
6546.0 34.907474027331304 0.0022404136552584514 1.0 0.0 1.0 2.0 0.8559322033898304
1603.0 36.404436525796214 0.09810019035073113 0.0 1.0 1.0 1.0 0.8641654931810447
6001.0 1.0 0.0884574690630912 1.0 1.0 0.0 2.0 0.8963414634146342
6001.0 1.0 0.021763708077975195 1.0 1.0 0.0 2.0 0.9027777777777778
9368.0 1.90447431579382 0.03166445629377476 0.0 1.0 0.0 1.0 0.9078947368421053
199.0 29.006979877488043 0.02148868177086255 0.0 1.0 1.0 1.0 0.9850187265917603
