100.0 22.479771520653884 0.0 0.0 1.0 1.0 3.0 0.9764009590248098
100.0 22.484887522414635 0.009948511889346198 0.0 1.0 1.0 3.0 0.9773193994343852
100.0 22.48800479098794 0.0 0.0 1.0 1.0 3.0 0.9777332002172247
100.0 22.479771520653884 0.0 0.0 1.0 1.0 3.0 0.9778017068050951
100.0 15.638396782497882 0.0 0.0 1.0 1.0 3.0 0.9785971774846112
100.0 16.16035025516991 0.01 0.0 1.0 1.0 3.0 0.9822571137083831
100.0 15.643485643963327 0.00853826144561883 0.0 1.0 1.0 3.0 0.982825132263042
100.0 22.48495915462276 0.0 0.0 1.0000374354151635 1.0 3.0 0.9841268793643717
100.00000003218692 20.538320977109613 0.0 0.0 1.0 1.0 3.0 0.9843147339234828
100.0 20.543521241283415 0.009295925584063945 0.0 1.0 1.0 3.0 0.9845031820974359
100.0 15.64433612023093 0.01 0.0 1.0 1.0 3.0 0.9849559185833631
100.0 4.144004987786104 0.0 0.0 1.0 1.0 3.0 0.9858411219710297
100.0 8.443939708778348 0.0 0.0 1.0 1.0 3.0 0.986083824176044
100.0 15.633912965568085 0.0 0.0 1.0 1.0 3.0 0.9860964260916545
100.0 20.543521241283415 0.009295925584063945 0.0 1.0 1.0 2.0 0.9866369477016752
100.0 50.05919380070202 0.01 0.0 1.0 1.0 3.0 0.9871933612267136
100.0 22.398441586561326 9.754354081654961e-05 0.0 1.0 1.0079443892287683 3.0 0.9882042771490916
100.0 20.543521241283415 0.009295925584063945 0.0 1.0 1.0 2.0 0.988593386359722
100.0 22.48193064746467 0.0 0.0 1.0001725892164424 1.0 3.0 0.9893713498667522
100.0000000000069 22.487537863458567 0.0 9.215862184497325e-08 1.000000002579545 1.0 3.0 0.9897210075277636
100.0 20.543618644714318 0.01 0.0 1.0 1.0 2.0374962144255173 0.9917284280410228
100.0 20.543521241283415 0.009295925584063945 0.0 1.0 1.0 2.0 0.9921306193390226
100.0 57.94354292571371 0.00869361420681379 0.0 1.0 1.0 2.0 0.9932131708327614
100.0 8.484918462930207 0.0 0.0 1.0 1.0 1.0 0.9941873894872353
100.0 26.786976400317357 0.0026093640306216466 0.0 1.0 1.0 1.0 0.9942577469701228
100.0 17.34815986371 0.008910754502398088 0.0 1.0 1.009979389273401 2.0 0.9952842649187693
100.0 1.8964386680963092 0.0025562689598016175 0.0 1.0 1.0 2.0 0.9953407513488739
100.0 51.218213605258065 0.01 0.0 1.0 1.0 3.0 0.9959332581747131
100.0 22.484887522414635 0.009948511889346198 0.0 1.0 1.0 1.0 0.9961715354538309
100.0 1.0 0.01 0.0 1.0 1.0 1.0 0.9964585703613278
100.0 73.74878689969981 0.005757036132437006 0.0 1.0 1.0 2.0 0.9980158168848305
101.0 19.88180868307552 0.0021199062407319417 0.0 0.0 1.0044482600929783 1.0 1.0000516580743208
100.0 89.81429316508945 0.00018100737797891787 0.0 1.0 1.0 1.0 1.0029993557085877
100.0 95.20462942842832 0.003166768392238167 0.0 1.0 1.0 1.0 1.0044393126070723
100.0 57.94121337158476 0.01 0.0 1.0 1.0 2.0330437588773043 1.0121958326865261
100.0 22.47676613566585 0.0 0.0 1.000088254531041 1.0 2.999919534845577 1.0219856587070266
