1.000000000000000000e+02 2.247977152065388395e+01 0.000000000000000000e+00 0.000000000000000000e+00 1.000000000000000000e+00 1.000000000000000000e+00 3.000000000000000000e+00 9.764009590248098336e-01 9.857370178700510799e-01
1.000000000000000000e+02 2.248488752241463473e+01 9.948511889346197540e-03 0.000000000000000000e+00 1.000000000000000000e+00 1.000000000000000000e+00 3.000000000000000000e+00 9.773193994343851720e-01 9.861598022922145601e-01
1.000000000000000000e+02 2.248800479098794014e+01 0.000000000000000000e+00 0.000000000000000000e+00 1.000000000000000000e+00 1.000000000000000000e+00 3.000000000000000000e+00 9.777332002172246517e-01 1.022768393359835271e+00
1.000000000000000000e+02 2.247977152065388395e+01 0.000000000000000000e+00 0.000000000000000000e+00 1.000000000000000000e+00 1.000000000000000000e+00 3.000000000000000000e+00 9.778017068050951499e-01 1.078444789697291517e+00
1.000000000000000000e+02 1.563839678249788179e+01 0.000000000000000000e+00 0.000000000000000000e+00 1.000000000000000000e+00 1.000000000000000000e+00 3.000000000000000000e+00 9.785971774846111693e-01 1.024039371843339374e+00
1.000000000000000000e+02 1.616035025516990942e+01 1.000000000000000021e-02 0.000000000000000000e+00 1.000000000000000000e+00 1.000000000000000000e+00 3.000000000000000000e+00 9.822571137083830894e-01 9.918324329236660741e-01
1.000000000000000000e+02 1.564348564396332719e+01 8.538261445618830145e-03 0.000000000000000000e+00 1.000000000000000000e+00 1.000000000000000000e+00 3.000000000000000000e+00 9.828251322630420228e-01 1.006724481552727424e+00
1.000000000000000000e+02 2.248495915462276074e+01 0.000000000000000000e+00 0.000000000000000000e+00 1.000037435415163545e+00 1.000000000000000000e+00 3.000000000000000000e+00 9.841268793643717094e-01 8.605057343323291308e-01
1.000000000321869180e+02 2.053832097710961335e+01 0.000000000000000000e+00 0.000000000000000000e+00 1.000000000000000000e+00 1.000000000000000000e+00 3.000000000000000000e+00 9.843147339234827875e-01 9.792372348372228030e-01
1.000000000000000000e+02 2.054352124128341472e+01 9.295925584063944799e-03 0.000000000000000000e+00 1.000000000000000000e+00 1.000000000000000000e+00 3.000000000000000000e+00 9.845031820974359249e-01 1.032929729016059728e+00
1.000000000000000000e+02 1.564433612023093012e+01 1.000000000000000021e-02 0.000000000000000000e+00 1.000000000000000000e+00 1.000000000000000000e+00 3.000000000000000000e+00 9.849559185833630659e-01 9.564631367097202741e-01
1.000000000000000000e+02 4.144004987786104266e+00 0.000000000000000000e+00 0.000000000000000000e+00 1.000000000000000000e+00 1.000000000000000000e+00 3.000000000000000000e+00 9.858411219710296880e-01 8.965025930658024889e-01
1.000000000000000000e+02 8.443939708778348319e+00 0.000000000000000000e+00 0.000000000000000000e+00 1.000000000000000000e+00 1.000000000000000000e+00 3.000000000000000000e+00 9.860838241760440104e-01 9.180299766488677626e-01
1.000000000000000000e+02 1.563391296556808463e+01 0.000000000000000000e+00 0.000000000000000000e+00 1.000000000000000000e+00 1.000000000000000000e+00 3.000000000000000000e+00 9.860964260916544877e-01 1.007312842161485644e+00
1.000000000000000000e+02 2.054352124128341472e+01 9.295925584063944799e-03 0.000000000000000000e+00 1.000000000000000000e+00 1.000000000000000000e+00 2.000000000000000000e+00 9.866369477016752043e-01 9.966616190309759427e-01
1.000000000000000000e+02 5.005919380070201896e+01 1.000000000000000021e-02 0.000000000000000000e+00 1.000000000000000000e+00 1.000000000000000000e+00 3.000000000000000000e+00 9.871933612267136393e-01 1.081893807278524466e+00
1.000000000000000000e+02 2.239844158656132578e+01 9.754354081654960861e-05 0.000000000000000000e+00 1.000000000000000000e+00 1.007944389228768278e+00 3.000000000000000000e+00 9.882042771490916477e-01 1.100889336376634109e+00
1.000000000000000000e+02 2.054352124128341472e+01 9.295925584063944799e-03 0.000000000000000000e+00 1.000000000000000000e+00 1.000000000000000000e+00 2.000000000000000000e+00 9.885933863597220483e-01 1.044296339416901587e+00
1.000000000000000000e+02 2.248193064746466874e+01 0.000000000000000000e+00 0.000000000000000000e+00 1.000172589216442365e+00 1.000000000000000000e+00 3.000000000000000000e+00 9.893713498667522366e-01 1.055917076911870200e+00
1.000000000000069065e+02 2.248753786345856653e+01 0.000000000000000000e+00 9.215862184497325416e-08 1.000000002579545022e+00 1.000000000000000000e+00 3.000000000000000000e+00 9.897210075277635966e-01 1.102398116750864965e+00
1.000000000000000000e+02 2.054361864471431787e+01 1.000000000000000021e-02 0.000000000000000000e+00 1.000000000000000000e+00 1.000000000000000000e+00 2.037496214425517316e+00 9.917284280410227915e-01 8.140581106188762295e-01
1.000000000000000000e+02 2.054352124128341472e+01 9.295925584063944799e-03 0.000000000000000000e+00 1.000000000000000000e+00 1.000000000000000000e+00 2.000000000000000000e+00 9.921306193390225792e-01 1.042675286307679361e+00
1.000000000000000000e+02 5.794354292571370735e+01 8.693614206813790601e-03 0.000000000000000000e+00 1.000000000000000000e+00 1.000000000000000000e+00 2.000000000000000000e+00 9.932131708327613939e-01 1.189962822547185883e+00
1.000000000000000000e+02 8.484918462930206573e+00 0.000000000000000000e+00 0.000000000000000000e+00 1.000000000000000000e+00 1.000000000000000000e+00 1.000000000000000000e+00 9.941873894872352846e-01 8.868294120533281033e-01
1.000000000000000000e+02 2.678697640031735716e+01 2.609364030621646579e-03 0.000000000000000000e+00 1.000000000000000000e+00 1.000000000000000000e+00 1.000000000000000000e+00 9.942577469701228132e-01 8.360947768859334772e-01
1.000000000000000000e+02 1.734815986370999852e+01 8.910754502398088306e-03 0.000000000000000000e+00 1.000000000000000000e+00 1.009979389273401029e+00 2.000000000000000000e+00 9.952842649187693125e-01 1.039642830961555742e+00
1.000000000000000000e+02 1.896438668096309232e+00 2.556268959801617519e-03 0.000000000000000000e+00 1.000000000000000000e+00 1.000000000000000000e+00 2.000000000000000000e+00 9.953407513488738978e-01 9.262664585501576564e-01
1.000000000000000000e+02 5.121821360525806455e+01 1.000000000000000021e-02 0.000000000000000000e+00 1.000000000000000000e+00 1.000000000000000000e+00 3.000000000000000000e+00 9.959332581747131208e-01 1.169198837449849204e+00
1.000000000000000000e+02 2.248488752241463473e+01 9.948511889346197540e-03 0.000000000000000000e+00 1.000000000000000000e+00 1.000000000000000000e+00 1.000000000000000000e+00 9.961715354538308587e-01 8.688085925362397655e-01
1.000000000000000000e+02 1.000000000000000000e+00 1.000000000000000021e-02 0.000000000000000000e+00 1.000000000000000000e+00 1.000000000000000000e+00 1.000000000000000000e+00 9.964585703613277889e-01 9.083219549964349770e-01
1.000000000000000000e+02 7.374878689969980883e+01 5.757036132437005904e-03 0.000000000000000000e+00 1.000000000000000000e+00 1.000000000000000000e+00 2.000000000000000000e+00 9.980158168848305422e-01 1.148107200654487237e+00
1.010000000000000000e+02 1.988180868307551918e+01 2.119906240731941720e-03 0.000000000000000000e+00 0.000000000000000000e+00 1.004448260092978273e+00 1.000000000000000000e+00 1.000051658074320837e+00 9.437688196517741712e-01
1.000000000000000000e+02 8.981429316508945249e+01 1.810073779789178692e-04 0.000000000000000000e+00 1.000000000000000000e+00 1.000000000000000000e+00 1.000000000000000000e+00 1.002999355708587670e+00 1.029267757688422158e+00
1.000000000000000000e+02 9.520462942842831922e+01 3.166768392238166786e-03 0.000000000000000000e+00 1.000000000000000000e+00 1.000000000000000000e+00 1.000000000000000000e+00 1.004439312607072310e+00 1.045322279732771698e+00
1.000000000000000000e+02 5.794121337158475882e+01 1.000000000000000021e-02 0.000000000000000000e+00 1.000000000000000000e+00 1.000000000000000000e+00 2.033043758877304263e+00 1.012195832686526131e+00 1.081712033324792932e+00
