2416.0 17.500293463099098 0.010935139419955813 0.0 0.0 0.0 2.0 0.7195121951219512
5652.000000000004 11.320477893564622 0.0 1.0 0.0 0.0 2.0 0.7551020408163265
8683.0 15.080373987370102 0.011205244608904675 1.0 1.0 0.0 2.0 0.7688172043010753
3757.9999999999945 17.64447332767634 0.0 1.0 1.0 0.0 1.0 0.7711267605633803
4616.0 9.604748239686737 0.03806540336160934 1.0 0.0 0.0 1.0 0.7804878048780488
9456.0 9.292082068750961 0.08651141815533825 0.0 0.0 1.0 1.0 0.7857142857142857
8524.0 17.13091883217613 0.011285143246972192 1.0 0.0 0.4885645416072254 2.0 0.7872340425531915
2416.0 17.500351262106633 0.0 0.0 0.0 0.0 2.0 0.808641975308642
6616.0 17.372874941600628 0.05649101266341283 1.0 1.0 0.0 1.0 0.8089430894308943
8958.0 11.503702371935207 0.0594573211286107 1.0 0.0 0.0 2.0 0.8103448275862069
3758.0 17.644196899004264 0.060103512606549864 1.0 1.0 0.0 1.0 0.8103448275862069
9937.0 18.55414593661621 0.011440831365733746 1.0 0.0 0.0 2.0 0.8106508875739645
2331.0 19.003719758149455 0.010337785984845032 0.0 1.0 0.0 2.0 0.8142857142857143
6615.999999999986 17.37402299939901 0.1 1.0 1.0 0.0 1.0 0.8235294117647058
4807.0 14.365981828948328 0.011084749632917664 0.0 0.0 0.4167967965073829 2.0 0.825
3038.0 15.603940636822479 0.010972606233133845 0.0 0.0 0.33123680025080404 2.0 0.8306451612903226
6616.0 3.4955281777321137 0.0 1.0 1.0 0.0 1.0 0.8324324324324324
4856.0 14.283475232905968 0.0023946445639342895 0.0 1.0 0.0 1.0 0.847457627118644
6949.0 14.868581774807936 0.03717854645157213 1.0 0.0 1.0 2.0 0.8504273504273504
4616.0 2.3829601570120182 0.1 1.0 1.0 0.0 2.0 0.855
6616.0 20.0 0.1 1.0 1.0 0.0 1.0 0.855191256830601
5652.0 11.316049639112638 0.0912690472236071 1.0 0.0 0.0 2.0 0.8571428571428572
9580.0 19.809313798973836 0.06565312487669042 0.0 1.0 0.0 1.0 0.8586956521739131
1202.0 7.210107768339669 0.040320947701477615 1.0 1.0 0.0 1.0 0.8625
5042.0 3.720976106116691 0.09236804180684381 1.0 1.0 0.0 2.0 0.8679245283018868
8958.000000000004 11.504077789493774 0.1 1.0 0.0 0.0 1.9981475190971647 0.875
7057.0 15.945005430715474 0.02691474546245864 1.0 1.0 0.0 1.0 0.8768115942028986
1872.0 4.015831147574303 0.08049327915473976 1.0 1.0 0.0 2.0 0.87890625
7616.0 17.372874941600628 0.05649101266341283 0.0 1.0 0.0 1.0 0.8796791443850267
7612.0 13.117618097260548 0.07709636712614042 0.0 1.0 1.0 1.0 0.88
8813.0 9.754699168471328 0.074982426308547 1.0 1.0 1.0 1.0 0.8809523809523809
9579.999999999985 19.808557368833796 0.0 2.066672766254385e-08 1.0 0.0 1.0683746454005 0.8829787234042553
6949.000000000002 14.868798455435973 0.1 1.0 0.0 1.0 2.0 0.8875
8155.0 4.413176857628475 0.04560508146455385 0.0 0.0 0.0 1.0 0.8913043478260869
5616.0 1.0 0.1 1.0 1.0 1.0 2.0 0.8939393939393939
8130.0 11.907495698201684 0.0021789782097516998 1.0 0.0 1.0 2.0 0.9
7754.0 3.339066890205516 0.08061350775930462 1.0 1.0 1.0 1.0 0.9032258064516129
4156.0 1.5144060870936236 0.029784138848688566 1.0 0.0 0.0 1.0 0.9038461538461539
5442.0 7.723698879462906 0.020699306594168375 0.0 1.0 1.0 1.0 0.9050632911392404
3529.0 16.21720986806225 0.043511164695543864 1.0 0.0 1.0 1.0 0.9135802469135803
4856.0 14.283639892303906 0.1 0.0 1.0 0.0 1.12877911681077 0.91875
5616.0 1.0 0.07130169917348816 0.0 0.0 1.0 2.0 0.9197530864197531
8616.0 1.0 0.08976108929512583 0.0 1.0 0.0 2.0 0.9239130434782609
2597.0 14.45664565749475 0.022813576198021514 0.0 1.0 1.0 1.0 0.9291845493562232
6706.0 4.727743396069717 0.007808107838085567 0.0 0.0 1.0 2.0 0.9315789473684211
9456.000000000007 9.299315237472157 0.1 0.0 0.0 1.0 1.0 0.9387755102040817
704.0 7.155786392173341 0.041727792548791415 1.0 1.0 0.0 2.0 0.9502617801047121
1944.0 3.244303802985341 0.014406182366736332 1.0 1.0 1.0 2.0 0.9568965517241379
1586.0 7.653571303050897 0.09742965460389703 0.0 0.0 1.0 2.0 0.9628099173553719
1848.0 15.973433766781973 0.06305652300084202 0.0 0.0 1.0 2.0 0.9710144927536232
8616.0 5.224124158971636 0.1 0.0 1.0 0.0 1.0 0.9711538461538461
3614.0 3.5703270674973524 0.04898002589074695 0.0 0.0 1.0 1.0 0.9795918367346939
