2416.0 17.500293463099098 0.010935139419955813 0.0 0.0 0.0 2.0 0.7195121951219512
9456.0 9.292082068750961 0.08651141815533825 0.0 0.0 1.0 1.0 0.7857142857142857
6616.0 17.372874941600628 0.05649101266341283 1.0 1.0 0.0 1.0 0.8089430894308943
8958.0 11.503702371935207 0.0594573211286107 1.0 0.0 0.0 2.0 0.8103448275862069
3758.0 17.644196899004264 0.060103512606549864 1.0 1.0 0.0 1.0 0.8103448275862069
4856.0 14.283475232905968 0.0023946445639342895 0.0 1.0 0.0 1.0 0.847457627118644
6949.0 14.868581774807936 0.03717854645157213 1.0 0.0 1.0 2.0 0.8504273504273504
5652.0 11.316049639112638 0.0912690472236071 1.0 0.0 0.0 2.0 0.8571428571428572
9580.0 19.809313798973836 0.06565312487669042 0.0 1.0 0.0 1.0 0.8586956521739131
1202.0 7.210107768339669 0.040320947701477615 1.0 1.0 0.0 1.0 0.8625
5042.0 3.720976106116691 0.09236804180684381 1.0 1.0 0.0 2.0 0.8679245283018868
7057.0 15.945005430715474 0.02691474546245864 1.0 1.0 0.0 1.0 0.8768115942028986
1872.0 4.015831147574303 0.08049327915473976 1.0 1.0 0.0 2.0 0.87890625
7612.0 13.117618097260548 0.07709636712614042 0.0 1.0 1.0 1.0 0.88
8813.0 9.754699168471328 0.074982426308547 1.0 1.0 1.0 1.0 0.8809523809523809
8155.0 4.413176857628475 0.04560508146455385 0.0 0.0 0.0 1.0 0.8913043478260869
8130.0 11.907495698201684 0.0021789782097516998 1.0 0.0 1.0 2.0 0.9
7754.0 3.339066890205516 0.08061350775930462 1.0 1.0 1.0 1.0 0.9032258064516129
4156.0 1.5144060870936236 0.029784138848688566 1.0 0.0 0.0 1.0 0.9038461538461539
5442.0 7.723698879462906 0.020699306594168375 0.0 1.0 1.0 1.0 0.9050632911392404
3529.0 16.21720986806225 0.043511164695543864 1.0 0.0 1.0 1.0 0.9135802469135803
2597.0 14.45664565749475 0.022813576198021514 0.0 1.0 1.0 1.0 0.9291845493562232
6706.0 4.727743396069717 0.007808107838085567 0.0 0.0 1.0 2.0 0.9315789473684211
704.0 7.155786392173341 0.041727792548791415 1.0 1.0 0.0 2.0 0.9502617801047121
1944.0 3.244303802985341 0.014406182366736332 1.0 1.0 1.0 2.0 0.9568965517241379
1586.0 7.653571303050897 0.09742965460389703 0.0 0.0 1.0 2.0 0.9628099173553719
1848.0 15.973433766781973 0.06305652300084202 0.0 0.0 1.0 2.0 0.9710144927536232
3614.0 3.5703270674973524 0.04898002589074695 0.0 0.0 1.0 1.0 0.9795918367346939
