9584.0 25.36557308381862 0.0322463258842033 0.0 1.0 0.0 2.0 0.5046728971962617
8997.0 43.82253170109257 0.09837031479588013 1.0 1.0 1.0 1.0 0.5276073619631902
5524.0 34.8712814445481 0.1 1.0 1.0 0.0 1.0 0.5438144329896908
6524.0 73.16848259331023 0.0 1.0 1.0 0.0 1.0 0.6009615384615384
6524.0 45.00565688440408 0.06877783337787963 0.0 1.0 1.0 2.0 0.6171428571428572
5524.0 45.00565688440408 0.06877783337787963 1.0 1.0 0.0 1.0 0.6320346320346321
6524.0 45.00565688440408 0.06877783337787963 0.0 1.0 0.0 2.0 0.6635802469135803
8239.0 26.078051421404382 0.005104851661219658 0.0 1.0 0.0 1.0 0.665983606557377
4387.0 19.077033961329455 0.06181540234144344 0.0 1.0 0.0 2.0 0.6879432624113475
6634.0 48.461022339828915 0.07191810486779213 0.0 1.0 0.0 1.0 0.7066246056782335
5524.0 28.45882419092605 0.0 1.0 1.0 0.0 1.0 0.7285714285714285
2797.0 34.240238685379836 0.08927207235507921 0.0 1.0 1.0 1.0 0.7698019801980198
5524.0 24.29082425290243 0.0 1.0 1.0 0.0 1.0 0.7777777777777778
3298.0 37.62457435192073 0.04526307166407897 0.0 1.0 1.0 1.0 0.8283333333333334
1233.0 90.78387861077823 0.04053802341111497 0.0 1.0 1.0 2.0 0.8879310344827587
6215.0 1.098899127214115 0.012894423901236827 0.0 1.0 1.0 2.0 0.9290375203915171
2037.0 1.178535849846897 0.05998355790228563 0.0 1.0 1.0 2.0 0.9830508474576272
5524.000010051614 44.91050879964111 0.06877274253102444 1.0 0.4480978791381247 0.09976975520805276 1.125736725983577 1.0
8239.000008962405 25.466344084312635 0.005107098742555477 0.0 0.9833610696103818 0.0 1.1069188564734116 1.0
4387.000009057442 19.50643376062166 0.06181759461151262 0.0 0.9834506930049649 0.0 2.0 1.0
6634.000008267092 48.52712637951089 0.07192019308183825 0.0 0.9842100637898206 0.0 1.1002964421809196 1.0
7524.0 45.00565688440408 0.06877783337787963 0.0 0.0 0.0 2.0 1.0
4524.0 44.22231610110277 0.05909122673775313 1.0 0.0 0.0 1.0 1.0
2797.0000004314948 34.264377015272075 0.0892721485886172 0.9114927108381927 0.9951946186158143 1.0 1.0 1.0
7154.0 1.2512109616129738 0.06671138496907801 0.0 0.0 1.0 2.0 1.0
5857.0 1.2332465140454256 0.05090442725507319 0.0 0.0 1.0 2.0 1.0
3916.0 1.198459513717227 0.046984665594429785 0.0 0.0 1.0 2.0 1.0
9584.000008923933 24.836367429655287 0.03224855609429398 0.0 0.9833664246056717 0.0 2.0 1.0
8997.000001396227 43.51393979377981 0.09837101153395476 1.0 0.667537413177973 0.7760817824119286 1.0 1.0
1233.0000006783089 90.51785932910398 0.040538078083233654 0.0 0.9931867845371034 1.0 1.9998306028366795 1.0
8526.0 13.146686349792075 0.05042369128062523 1.0 0.0 1.0 1.0 1.0
1634.0 35.561178349468676 0.027226388064355324 0.0 0.0 0.0 2.0 1.0
8717.0 92.96572684595357 0.010646692510708385 0.0 0.0 1.0 2.0 1.0
825.0 66.08436513113458 0.014955647238119707 0.0 0.0 1.0 2.0 1.0
1484.0 16.37946195065006 0.019945876379405765 1.0 0.0 1.0 1.0 1.0
3122.0 59.61737988533478 0.03548722733849129 0.0 0.0 1.0 1.0 1.0
7133.0 1.0672610761051042 0.010914493394189713 0.0 0.0 1.0 1.0 1.0
6347.0 41.68583809247268 0.02337667976451873 1.0 0.0 0.0 2.0 1.0
5730.0 95.17289275382814 0.07391592204079649 0.0 0.0 0.0 2.0 1.0
6167.0 73.30759923493191 0.08959110648475657 1.0 0.0 1.0 2.0 1.0
7091.0 89.73130563689065 0.009798465522379701 0.0 0.0 0.0 1.0 1.0
7350.0 8.597713956999367 0.07240764704005939 0.0 0.0 0.0 2.0 1.0
3298.000000430856 37.50455417333288 0.045263170633800275 1.0 0.9950134039776604 1.0 1.0 1.0
7257.0 14.356871735166363 0.008207381648205348 1.0 0.0 1.0 1.0 1.0
3160.0 49.05286445608229 0.06288930814209172 1.0 0.0 0.0 2.0 1.0
8657.0 59.55521772439475 0.08855026549648409 1.0 0.0 1.0 2.0 1.0
5672.0 74.30802172443526 0.0818285334036129 1.0 1.0 1.0 2.0 1.5172413793103448
1946.0 82.25422342884916 0.05184881437779596 1.0 1.0 1.0 2.0 2.364705882352941
3781.0 72.11825498964554 0.056668972941947886 1.0 1.0 0.0 1.0 4.065789473684211
1369.0 66.34225015038608 0.0356470088308412 1.0 1.0 0.0 2.0 5.428571428571429
355.0 4.856242919134752 0.06719263174643923 1.0 1.0 0.0 2.0 277.41379310344826
