5524.00000000021 44.98692539138417 0.1 1.0 1.0 0.0 1.0 0.5020661157024793
6416.0 47.39959311162899 0.09980386407449793 1.0 1.0 0.21970831923008063 1.0 0.5025510204081632
9584.0 25.36557308381862 0.0322463258842033 0.0 1.0 0.0 2.0 0.5046728971962617
6350.0 27.018476903563514 0.003347281046750937 1.0 1.0 0.0 1.0 0.5125
8997.0 43.82253170109257 0.09837031479588013 1.0 1.0 1.0 1.0 0.5276073619631902
7207.0 46.746720253324 0.09081474741617813 1.0 1.0 0.0 1.0 0.5345911949685535
5524.000000000036 34.924509510848544 0.1 1.0 1.0 0.0 1.0 0.5391061452513967
5524.0 34.8712814445481 0.1 1.0 1.0 0.0 1.0 0.5438144329896908
6224.0 48.37273157940939 0.08749545471414105 1.0 1.0 0.4870175189135784 1.0 0.5643153526970954
6327.0 50.90578076596417 0.0969203853932072 1.0 1.0 0.01209470958611014 1.0 0.566304347826087
7852.0 49.624576593034696 0.1 0.0 1.0 0.0 2.0 0.5825688073394495
6524.0 73.16848259331023 0.0 1.0 1.0 0.0 1.0 0.6009615384615384
9584.0 37.14272369643874 0.1 0.0 1.0 0.0 2.0 0.6037037037037036
5524.000651334614 34.97719303611326 0.1 1.0 1.0 0.0 1.0 0.6037234042553191
6524.0 45.00565688440408 0.06877783337787963 0.0 1.0 1.0 2.0 0.6171428571428572
5524.000500709654 44.96088412355 0.1 1.0 1.0 0.0 1.0 0.6202749140893471
6523.996871568577 73.23064347203912 1.0878679082671182e-05 1.0 1.0 0.0 1.0 0.6219512195121951
9584.001556982008 37.13749736714844 0.1 0.0 1.0 0.0 2.0 0.626193724420191
6326.996243822693 50.74914951595082 0.0969296771045874 1.0 1.0 0.0 1.0 0.6297872340425532
5524.0 45.00565688440408 0.06877783337787963 1.0 1.0 0.0 1.0 0.6320346320346321
7644.0 25.36557308381862 0.0322463258842033 1.0 1.0 0.0 1.0 0.6323529411764706
7852.0 44.98692539138417 0.1 0.0 1.0 0.0 1.0 0.6363636363636364
7207.0034125503025 46.669520879370275 0.09081195047763507 1.0 1.0 0.0 1.0 0.6379310344827587
6524.0 45.00565688440408 0.06877783337787963 0.0 1.0 0.0 2.0 0.6635802469135803
5524.00065128936 34.9241834327656 0.1 1.0 1.0 0.0 1.0 0.6651785714285714
8239.0 26.078051421404382 0.005104851661219658 0.0 1.0 0.0 1.0 0.665983606557377
6288.0 15.643875976936721 0.045218102355677185 0.0 1.0 0.0 2.0 0.6756756756756757
6524.000000003653 45.012765552074775 0.0 0.0 1.0 1.0 2.0 0.6838905775075987
4387.0 19.077033961329455 0.06181540234144344 0.0 1.0 0.0 2.0 0.6879432624113475
9584.0 25.36557308381862 0.0322463258842033 0.0 1.0 0.0 1.0 0.6883116883116883
6634.0 48.461022339828915 0.07191810486779213 0.0 1.0 0.0 1.0 0.7066246056782335
6415.994772286304 47.25449054792953 0.09981225608568342 1.0 1.0 0.0 1.0 0.7076271186440678
10000.0 25.36557308381862 0.0322463258842033 0.0 1.0 0.0 1.0 0.7163323782234957
6523.999999994446 45.051364540844006 0.1 0.0 1.0 0.1393121693121786 2.0 0.7192982456140351
7644.0 20.68259865568097 0.0714386002346628 0.0 1.0 0.0 2.0 0.7282608695652174
5524.0 28.45882419092605 0.0 1.0 1.0 0.0 1.0 0.7285714285714285
5524.0 16.05756728060716 0.03140562692036632 1.0 1.0 0.0 1.0 0.7362385321100917
6523.999999999561 73.14954579988219 0.1 1.0 1.0 0.0 1.0 0.7364864864864865
6347.0 19.581292518773555 0.04371715638169991 1.0 1.0 0.0 1.0 0.764
2797.0 34.240238685379836 0.08927207235507921 0.0 1.0 1.0 1.0 0.7698019801980198
5524.0 24.29082425290243 0.0 1.0 1.0 0.0 1.0 0.7777777777777778
6283.0 14.70979303929736 0.09420396336328891 1.0 1.0 0.0 1.0 0.8006993006993006
6224.000279436514 48.24470133942323 0.08750597245784261 1.0 1.0 0.23332784519790417 1.0 0.8011363636363636
3196.0 11.414442239814058 0.043490154616752874 1.0 1.0 0.0 1.0 0.8025210084033614
3298.0 37.62457435192073 0.04526307166407897 0.0 1.0 1.0 1.0 0.8283333333333334
5524.0 44.98692539138417 0.1 0.0 1.0 0.0 1.0 0.8316455696202532
1233.0 90.78387861077823 0.04053802341111497 0.0 1.0 1.0 2.0 0.8879310344827587
6215.0 1.098899127214115 0.012894423901236827 0.0 1.0 1.0 2.0 0.9290375203915171
2037.0 1.178535849846897 0.05998355790228563 0.0 1.0 1.0 2.0 0.9830508474576272
6633.999999998724 48.46083022882728 0.1 1.0 0.8231647105930782 0.40214826844247 2.0 1.0
3122.0 59.61737988533478 0.03548722733849129 0.0 0.0 1.0 1.0 1.0
4386.999999989844 19.072749829401786 0.1 0.37445113266236296 0.8842352039308362 0.3738133504947462 1.9462659727656209 1.0
1484.0 16.37946195065006 0.019945876379405765 1.0 0.0 1.0 1.0 1.0
825.0 66.08436513113458 0.014955647238119707 0.0 0.0 1.0 2.0 1.0
5524.0 1.0 0.07941847866727408 1.0 1.0 0.0 1.0 1.0
3196.0 44.98692539138417 0.1 1.0 0.0 0.0 1.0 1.0
5524.0 1.0 0.1 1.0 1.0 0.0 1.0 1.0
5524.0 81.45099575281534 0.04337494388651749 1.0 0.0 0.0 2.0 1.0
8997.000080449352 43.83345050975542 0.0983711837383506 1.0 0.8892048975165492 1.0 1.0 1.0
7133.0 1.0672610761051042 0.010914493394189713 0.0 0.0 1.0 1.0 1.0
1634.0 35.561178349468676 0.027226388064355324 0.0 0.0 0.0 2.0 1.0
8717.0 92.96572684595357 0.010646692510708385 0.0 0.0 1.0 2.0 1.0
6167.0 73.30759923493191 0.08959110648475657 1.0 0.0 1.0 2.0 1.0
8239.000008962405 25.466344084312635 0.005107098742555477 0.0 0.9833610696103818 0.0 1.1069188564734116 1.0
5524.000010051614 44.91050879964111 0.06877274253102444 1.0 0.4480978791381247 0.09976975520805276 1.125736725983577 1.0
7091.0 89.73130563689065 0.009798465522379701 0.0 0.0 0.0 1.0 1.0
6347.0 41.68583809247268 0.02337667976451873 1.0 0.0 0.0 2.0 1.0
3298.000000430856 37.50455417333288 0.045263170633800275 1.0 0.9950134039776604 1.0 1.0 1.0
9584.0 25.36557308381862 0.0322463258842033 1.0 0.0 0.0 1.0 1.0
7257.0 14.356871735166363 0.008207381648205348 1.0 0.0 1.0 1.0 1.0
8997.000000000784 43.83106026455075 0.1 0.597295541087706 0.7819514305916275 0.0 1.255321894959967 1.0
9583.999999991553 25.4143462873187 0.1 0.39111482485393934 0.9328547280092235 0.5762517831905051 2.0 1.0
9584.0 1.0 0.0 0.0 1.0 0.0 2.0 1.0
7644.0 1.0 0.1 0.0 0.0 1.0 2.0 1.0
10000.0 25.36557308381862 0.0322463258842033 0.0 0.0 1.0 2.0 1.0
8238.999999998447 26.07194345406786 0.0 0.7401997818513223 0.7946761284531704 0.32193497173025154 1.014874699627057 1.0
3160.0 49.05286445608229 0.06288930814209172 1.0 0.0 0.0 2.0 1.0
8657.0 59.55521772439475 0.08855026549648409 1.0 0.0 1.0 2.0 1.0
5730.0 95.17289275382814 0.07391592204079649 0.0 0.0 0.0 2.0 1.0
6634.000008267092 48.52712637951089 0.07192019308183825 0.0 0.9842100637898206 0.0 1.1002964421809196 1.0
4387.000009057442 19.50643376062166 0.06181759461151262 0.0 0.9834506930049649 0.0 2.0 1.0
4524.0 44.22231610110277 0.05909122673775313 1.0 0.0 0.0 1.0 1.0
8526.0 13.146686349792075 0.05042369128062523 1.0 0.0 1.0 1.0 1.0
7350.0 8.597713956999367 0.07240764704005939 0.0 0.0 0.0 2.0 1.0
1233.0000006783089 90.51785932910398 0.040538078083233654 0.0 0.9931867845371034 1.0 1.9998306028366795 1.0
8997.000001396227 43.51393979377981 0.09837101153395476 1.0 0.667537413177973 0.7760817824119286 1.0 1.0
9584.000008923933 24.836367429655287 0.03224855609429398 0.0 0.9833664246056717 0.0 2.0 1.0
3916.0 1.198459513717227 0.046984665594429785 0.0 0.0 1.0 2.0 1.0
7524.0 45.00565688440408 0.06877783337787963 0.0 0.0 0.0 2.0 1.0
2797.0000004314948 34.264377015272075 0.0892721485886172 0.9114927108381927 0.9951946186158143 1.0 1.0 1.0
5857.0 1.2332465140454256 0.05090442725507319 0.0 0.0 1.0 2.0 1.0
7154.0 1.2512109616129738 0.06671138496907801 0.0 0.0 1.0 2.0 1.0
6574.0 51.62203507976679 0.0954441436331035 1.0 1.0 0.39825021090642576 1.0 1.0240963855421685
9584.001324005181 25.440535265425094 0.03225464826672806 0.0 1.0 0.0 2.0 1.0272727272727273
7644.0 32.96286185004875 0.008607310986904187 1.0 1.0 1.0 2.0 1.4356435643564356
5672.0 74.30802172443526 0.0818285334036129 1.0 1.0 1.0 2.0 1.5172413793103448
6688.0 77.31806791038335 0.07775022771334165 0.0 1.0 0.0 2.0 1.825
1946.0 82.25422342884916 0.05184881437779596 1.0 1.0 1.0 2.0 2.364705882352941
7852.0 71.04518822522053 0.01675402380814657 1.0 1.0 1.0 1.0 2.3703703703703702
3781.0 72.11825498964554 0.056668972941947886 1.0 1.0 0.0 1.0 4.065789473684211
1369.0 66.34225015038608 0.0356470088308412 1.0 1.0 0.0 2.0 5.428571428571429
355.0 4.856242919134752 0.06719263174643923 1.0 1.0 0.0 2.0 277.41379310344826
