9584.0 25.36557308381862 0.0322463258842033 0.0 1.0 0.0 2.0 0.5046728971962617
8997.0 43.82253170109257 0.09837031479588013 1.0 1.0 1.0 1.0 0.5276073619631902
5524.0 45.00565688440408 0.06877783337787963 1.0 1.0 0.0 1.0 0.6320346320346321
8239.0 26.078051421404382 0.005104851661219658 0.0 1.0 0.0 1.0 0.665983606557377
4387.0 19.077033961329455 0.06181540234144344 0.0 1.0 0.0 2.0 0.6879432624113475
6634.0 48.461022339828915 0.07191810486779213 0.0 1.0 0.0 1.0 0.7066246056782335
2797.0 34.240238685379836 0.08927207235507921 0.0 1.0 1.0 1.0 0.7698019801980198
3298.0 37.62457435192073 0.04526307166407897 0.0 1.0 1.0 1.0 0.8283333333333334
1233.0 90.78387861077823 0.04053802341111497 0.0 1.0 1.0 2.0 0.8879310344827587
7257.0 14.356871735166363 0.008207381648205348 1.0 0.0 1.0 1.0 1.0
8657.0 59.55521772439475 0.08855026549648409 1.0 0.0 1.0 2.0 1.0
3160.0 49.05286445608229 0.06288930814209172 1.0 0.0 0.0 2.0 1.0
1634.0 35.561178349468676 0.027226388064355324 0.0 0.0 0.0 2.0 1.0
8717.0 92.96572684595357 0.010646692510708385 0.0 0.0 1.0 2.0 1.0
825.0 66.08436513113458 0.014955647238119707 0.0 0.0 1.0 2.0 1.0
1484.0 16.37946195065006 0.019945876379405765 1.0 0.0 1.0 1.0 1.0
3122.0 59.61737988533478 0.03548722733849129 0.0 0.0 1.0 1.0 1.0
8526.0 13.146686349792075 0.05042369128062523 1.0 0.0 1.0 1.0 1.0
6347.0 41.68583809247268 0.02337667976451873 1.0 0.0 0.0 2.0 1.0
5730.0 95.17289275382814 0.07391592204079649 0.0 0.0 0.0 2.0 1.0
6167.0 73.30759923493191 0.08959110648475657 1.0 0.0 1.0 2.0 1.0
7091.0 89.73130563689065 0.009798465522379701 0.0 0.0 0.0 1.0 1.0
7350.0 8.597713956999367 0.07240764704005939 0.0 0.0 0.0 2.0 1.0
5672.0 74.30802172443526 0.0818285334036129 1.0 1.0 1.0 2.0 1.5172413793103448
1946.0 82.25422342884916 0.05184881437779596 1.0 1.0 1.0 2.0 2.364705882352941
3781.0 72.11825498964554 0.056668972941947886 1.0 1.0 0.0 1.0 4.065789473684211
1369.0 66.34225015038608 0.0356470088308412 1.0 1.0 0.0 2.0 5.428571428571429
355.0 4.856242919134752 0.06719263174643923 1.0 1.0 0.0 2.0 277.41379310344826
