8734.0 74.99255489747692 0.024250369304639228 1.0 0.0 0.9951125539494609 1.0 1.0
4903.0 75.07148532393073 0.054705994013078844 1.0 0.0 1.0 1.0 1.0
8841.0 75.07250461288558 0.0733182691040738 1.0 0.0 0.004486159091175362 1.0 1.0
9584.0 25.36557308381862 0.0322463258842033 0.0 0.0 1.0 1.0 1.0
10000.0 4.406645382590977 0.0 1.0 1.0 0.0 1.0 0.8376623376623377
7394.0 57.14726540502154 0.0 0.0 1.0 1.0 2.0 0.8035714285714286
9584.0 71.21330934869482 0.005900007753518503 0.0 1.0 0.0 2.0 0.7435897435897436
7393.0 25.36557308381862 0.0322463258842033 1.0 0.0 1.0 1.0 1.0
9584.0 25.36557308381862 0.0322463258842033 1.0 0.0 1.0 2.0 1.0
10000.0 25.36557308381862 0.0322463258842033 0.0 1.0 0.0 2.0 0.5954198473282443
9584.0 80.01242866876336 0.1 0.0 1.0 0.0 2.0 0.6902173913043479
10000.0 1.0 0.1 0.0 0.0 1.0 1.0 1.0
9584.0 59.328210983401405 0.03029273126294724 0.0 1.0 0.0 2.0 1.1538461538461537
7393.0 25.36557308381862 0.0322463258842033 0.0 0.0 0.0 1.0 1.0
9584.0 52.40219614939214 0.06644156943615341 0.0 1.0 0.0 2.0 0.6407185628742516
5524.00000000021 45.066690658087246 0.09999999967186204 1.0 1.0 0.0 1.0 0.7140762463343109
6416.0 47.3815173580852 0.09980386368996388 0.9756472729430051 0.9977583683757536 0.21970831923047632 1.4318617405398415 1.0
9584.0 25.12286280545332 0.032246325872782165 0.0 1.0 0.0 2.0 0.5772058823529411
6350.0 27.71365613644068 0.003347281069407358 1.0 1.0 0.0 1.0 0.5336134453781513
9584.0 81.31723621376626 2.365323606950895e-12 0.0 1.0 0.0 2.0 0.5298507462686567
8997.0 44.1059980249837 0.09837031452177292 1.0 1.0 0.9999999999980556 1.0 0.5978260869565217
7207.0 46.7403583267045 0.0908147470337053 1.0 1.0 0.0 1.0704198464112238 0.5687830687830688
5524.000000000036 33.56848364121097 0.09999999996269547 1.0 1.0 0.0 1.0 0.7604166666666667
5524.0 33.524430257469845 0.09999999996289821 1.0 1.0 0.0 1.0 0.7189655172413794
2756.0 99.99150518057472 0.044968298742232425 1.0 0.733815035696286 1.0 1.0 1.0
7852.000421612536 49.71759983834031 0.1 0.0 1.0 0.0 2.0 0.5704697986577181
5524.000736944094 44.596718386803914 0.09999999969470431 1.0 1.0 0.0 1.0 0.5678571428571428
