717.0 99.75386320068931 0.020381286536254005 0.0 0.0 1.0 1.0 1.0
1844.0 99.92129002425729 0.010847387740160008 1.0 1.0 1.0 2.0 2.5253164556962027
1827.0 99.79767351425284 0.08300764901330428 0.0 1.0 1.0 1.0 1.1111111111111112
2756.0 99.9630176958136 0.044968299263414585 1.0 1.0 1.0 1.0 0.5449172576832151
7326.0 1.0 0.0 1.0 1.0 0.0 1.0 1.0
9584.0 20.77134466184022 0.0 0.0 1.0 0.0 2.0 0.55859375
9584.0 1.0 0.0 0.0 1.0 0.0 2.0 1.0
10000.0 25.36557308381862 0.0322463258842033 0.0 0.0 0.0 1.0 1.0
9584.0 68.30919522323298 0.1 0.0 1.0 0.0 2.0 0.599502487562189
8455.0 25.36557308381862 0.0322463258842033 1.0 0.0 1.0 2.0 1.0
10000.0 1.0 0.1 1.0 1.0 0.0 1.0 1.0
9584.0 1.0 0.1 0.0 1.0 0.0 2.0 1.0
9584.0 1.0 0.06580580411004547 0.0 1.0 0.0 2.0 1.0
9584.0 81.38003570309266 0.0 0.0 1.0 0.0 2.0 0.5227272727272727
7326.0 25.36557308381862 0.0322463258842033 0.0 0.0 0.0 1.0 1.0
5524.000736944094 44.49838889751008 0.1 1.0 1.0 0.0 1.000105429894667 0.5579268292682926
6416.000560014931 47.23725865521103 0.09980386426401239 1.0 1.0 0.0 1.0003181851199112 0.9166666666666667
9583.999486104447 25.28674890581924 0.03224632574962247 0.14491283874882643 1.0 0.0 1.999714062299385 0.7929936305732483
6349.9996038069385 26.5772238658623 0.003347280879622915 1.0 1.0 0.0 1.0 0.5580645161290323
8996.999995532526 43.81585220859796 0.09837031480125549 1.0 1.0 0.0 1.0 0.5888888888888889
7207.0004212686745 46.57698526288333 0.09081474760198884 1.0 1.0 0.0 1.0002613055479508 0.6569767441860466
5523.9995351833395 36.33642161182956 0.09999999993877326 1.0 1.0 0.0 1.0 0.7053571428571428
5523.999537909315 36.278311497931455 0.09999999993857661 1.0 1.0 0.0 1.0 0.6565217391304348
6224.000602634131 48.27197120258815 0.08749545490467159 1.0 1.0 0.0 1.0003939521448424 0.8478260869565217
6327.000509596007 50.86475799070481 0.09692038552532979 1.0 1.0 0.0 1.0003968870452908 0.5885416666666667
7852.000421612536 49.71123698541187 0.1 0.11185818368956202 1.0 0.0 2.0 0.5544871794871795
