6347.0 19.581292518773555 0.04371715638169991 1.0 1.0 0.0 1.0 0.764
6350.0 27.018476903563514 0.003347281046750937 1.0 1.0 0.0 1.0 0.5125
6288.0 15.643875976936721 0.045218102355677185 0.0 1.0 0.0 2.0 0.6756756756756757
6283.0 14.70979303929736 0.09420396336328891 1.0 1.0 0.0 1.0 0.8006993006993006
5524.0 44.98692539138417 0.1 0.0 1.0 0.0 1.0 0.8316455696202532
5524.0 16.05756728060716 0.03140562692036632 1.0 1.0 0.0 1.0 0.7362385321100917
6688.0 77.31806791038335 0.07775022771334165 0.0 1.0 0.0 2.0 1.825
5524.0 1.0 0.07941847866727408 1.0 1.0 0.0 1.0 1.0
3196.0 11.414442239814058 0.043490154616752874 1.0 1.0 0.0 1.0 0.8025210084033614
3196.0 44.98692539138417 0.1 1.0 0.0 0.0 1.0 1.0
5524.0 1.0 0.1 1.0 1.0 0.0 1.0 1.0
5524.0 81.45099575281534 0.04337494388651749 1.0 0.0 0.0 2.0 1.0
7852.0 49.624576593034696 0.1 0.0 1.0 0.0 2.0 0.5825688073394495
7852.0 71.04518822522053 0.01675402380814657 1.0 1.0 1.0 1.0 2.3703703703703702
7852.0 44.98692539138417 0.1 0.0 1.0 0.0 1.0 0.6363636363636364
5524.000500709654 44.96088412355 0.1 1.0 1.0 0.0 1.0 0.6202749140893471
6415.994772286304 47.25449054792953 0.09981225608568342 1.0 1.0 0.0 1.0 0.7076271186440678
9584.001324005181 25.440535265425094 0.03225464826672806 0.0 1.0 0.0 2.0 1.0272727272727273
8997.000080449352 43.83345050975542 0.0983711837383506 1.0 0.8892048975165492 1.0 1.0 1.0
7207.0034125503025 46.669520879370275 0.09081195047763507 1.0 1.0 0.0 1.0 0.6379310344827587
5524.000651334614 34.97719303611326 0.1 1.0 1.0 0.0 1.0 0.6037234042553191
5524.00065128936 34.9241834327656 0.1 1.0 1.0 0.0 1.0 0.6651785714285714
6224.000279436514 48.24470133942323 0.08750597245784261 1.0 1.0 0.23332784519790417 1.0 0.8011363636363636
6326.996243822693 50.74914951595082 0.0969296771045874 1.0 1.0 0.0 1.0 0.6297872340425532
6523.996871568577 73.23064347203912 1.0878679082671182e-05 1.0 1.0 0.0 1.0 0.6219512195121951
9584.001556982008 37.13749736714844 0.1 0.0 1.0 0.0 2.0 0.626193724420191
