6416.0 47.39959311162899 0.09980386407449793 1.0 1.0 0.21970831923008063 1.0 0.5025510204081632
6327.0 50.90578076596417 0.0969203853932072 1.0 1.0 0.01209470958611014 1.0 0.566304347826087
7207.0 46.746720253324 0.09081474741617813 1.0 1.0 0.0 1.0 0.5345911949685535
6224.0 48.37273157940939 0.08749545471414105 1.0 1.0 0.4870175189135784 1.0 0.5643153526970954
6574.0 51.62203507976679 0.0954441436331035 1.0 1.0 0.39825021090642576 1.0 1.0240963855421685
9584.0 25.36557308381862 0.0322463258842033 0.0 1.0 0.0 1.0 0.6883116883116883
9584.0 37.14272369643874 0.1 0.0 1.0 0.0 2.0 0.6037037037037036
7644.0 25.36557308381862 0.0322463258842033 1.0 1.0 0.0 1.0 0.6323529411764706
9584.0 25.36557308381862 0.0322463258842033 1.0 0.0 0.0 1.0 1.0
10000.0 25.36557308381862 0.0322463258842033 0.0 0.0 1.0 2.0 1.0
7644.0 20.68259865568097 0.0714386002346628 0.0 1.0 0.0 2.0 0.7282608695652174
7644.0 1.0 0.1 0.0 0.0 1.0 2.0 1.0
9584.0 1.0 0.0 0.0 1.0 0.0 2.0 1.0
10000.0 25.36557308381862 0.0322463258842033 0.0 1.0 0.0 1.0 0.7163323782234957
7644.0 32.96286185004875 0.008607310986904187 1.0 1.0 1.0 2.0 1.4356435643564356
9583.999999991553 25.4143462873187 0.1 0.39111482485393934 0.9328547280092235 0.5762517831905051 2.0 1.0
8997.000000000784 43.83106026455075 0.1 0.597295541087706 0.7819514305916275 0.0 1.255321894959967 1.0
5524.000000000036 34.924509510848544 0.1 1.0 1.0 0.0 1.0 0.5391061452513967
6523.999999999561 73.14954579988219 0.1 1.0 1.0 0.0 1.0 0.7364864864864865
6524.000000003653 45.012765552074775 0.0 0.0 1.0 1.0 2.0 0.6838905775075987
5524.00000000021 44.98692539138417 0.1 1.0 1.0 0.0 1.0 0.5020661157024793
6523.999999994446 45.051364540844006 0.1 0.0 1.0 0.1393121693121786 2.0 0.7192982456140351
8238.999999998447 26.07194345406786 0.0 0.7401997818513223 0.7946761284531704 0.32193497173025154 1.014874699627057 1.0
4386.999999989844 19.072749829401786 0.1 0.37445113266236296 0.8842352039308362 0.3738133504947462 1.9462659727656209 1.0
6633.999999998724 48.46083022882728 0.1 1.0 0.8231647105930782 0.40214826844247 2.0 1.0
