7133.0 1.0672610761051042 0.010914493394189713 0.0 0.0 1.0 1.0 1.0
6215.0 1.098899127214115 0.012894423901236827 0.0 1.0 1.0 2.0 0.9290375203915171
2037.0 1.178535849846897 0.05998355790228563 0.0 1.0 1.0 2.0 0.9830508474576272
3916.0 1.198459513717227 0.046984665594429785 0.0 0.0 1.0 2.0 1.0
5857.0 1.2332465140454256 0.05090442725507319 0.0 0.0 1.0 2.0 1.0
7154.0 1.2512109616129738 0.06671138496907801 0.0 0.0 1.0 2.0 1.0
5524.0 24.29082425290243 0.0 1.0 1.0 0.0 1.0 0.7777777777777778
4524.0 44.22231610110277 0.05909122673775313 1.0 0.0 0.0 1.0 1.0
7524.0 45.00565688440408 0.06877783337787963 0.0 0.0 0.0 2.0 1.0
6524.0 73.16848259331023 0.0 1.0 1.0 0.0 1.0 0.6009615384615384
6524.0 45.00565688440408 0.06877783337787963 0.0 1.0 1.0 2.0 0.6171428571428572
6524.0 45.00565688440408 0.06877783337787963 0.0 1.0 0.0 2.0 0.6635802469135803
5524.0 34.8712814445481 0.1 1.0 1.0 0.0 1.0 0.5438144329896908
5524.0 28.45882419092605 0.0 1.0 1.0 0.0 1.0 0.7285714285714285
9584.000008923933 24.836367429655287 0.03224855609429398 0.0 0.9833664246056717 0.0 2.0 1.0
8997.000001396227 43.51393979377981 0.09837101153395476 1.0 0.667537413177973 0.7760817824119286 1.0 1.0
5524.000010051614 44.91050879964111 0.06877274253102444 1.0 0.4480978791381247 0.09976975520805276 1.125736725983577 1.0
8239.000008962405 25.466344084312635 0.005107098742555477 0.0 0.9833610696103818 0.0 1.1069188564734116 1.0
4387.000009057442 19.50643376062166 0.06181759461151262 0.0 0.9834506930049649 0.0 2.0 1.0
6634.000008267092 48.52712637951089 0.07192019308183825 0.0 0.9842100637898206 0.0 1.1002964421809196 1.0
2797.0000004314948 34.264377015272075 0.0892721485886172 0.9114927108381927 0.9951946186158143 1.0 1.0 1.0
3298.000000430856 37.50455417333288 0.045263170633800275 1.0 0.9950134039776604 1.0 1.0 1.0
1233.0000006783089 90.51785932910398 0.040538078083233654 0.0 0.9931867845371034 1.0 1.9998306028366795 1.0
