7870.0 14.58698823600971 0.040554839901389694 1.0 1.0 0.0 2.0 0.7770700636942676
1564.0 14.569841299748045 0.06469738241305906 0.0 1.0 0.0 1.0 0.7250996015936255
3667.0 14.607808251090855 0.03857248957951438 0.0 1.0 1.0 2.0 0.7928082191780822
6416.0 47.39959311162899 0.09980386407449793 0.0 0.0 1.0 1.0 1.0
7479.0 47.39959311162899 0.09980386407449793 1.0 0.0 0.0 1.0 1.0
5354.0 47.39959311162899 0.09980386407449793 0.0 1.0 1.0 1.0 0.5084033613445378
6416.0 95.02460198680535 0.1 1.0 1.0 0.0 1.0 0.5785582255083179
6416.0 66.75979563406077 0.1 1.0 1.0 1.0 1.0 0.6209476309226933
8541.0 47.39959311162899 0.09980386407449793 1.0 1.0 0.0 1.0 0.5112359550561798
7478.0 47.39959311162899 0.09980386407449793 1.0 0.0 0.0 1.0 1.0
6416.0 37.08316193438402 0.09260301985813615 1.0 1.0 0.0 1.0 0.6390532544378698
5354.0 47.39959311162899 0.09980386407449793 0.0 1.0 1.0 2.0 0.5441767068273092
7478.0 88.72810162019289 0.1 0.0 0.0 0.0 2.0 1.0
6416.0 95.85816718303832 0.1 1.0 1.0 1.0 1.0 0.615979381443299
5353.0 47.39959311162899 0.09980386407449793 0.0 1.0 0.0 2.0 0.6660899653979239
5524.00000000021 44.86233981385359 0.09999998706575562 0.9999999999770893 1.0 0.0 1.0000000000229448 0.6129629629629629
6416.0 47.5151461556346 0.09980384914509088 0.9999999999623748 0.9757444517756197 0.21970831912534974 1.0000000000376252 1.0
9584.0 25.54139012777878 0.03224632835232617 0.0 1.0 0.0 2.0 0.6590909090909091
6350.0 27.474451937650496 0.0033472847635138566 0.9999999999992063 1.0 0.0 1.000000000000996 0.7068965517241379
9584.0 81.67684530824194 0.0 0.0 1.0 1.211132860667874e-09 2.0 0.5992063492063492
8997.0 44.25410535705087 0.09837030433386919 0.9999999999826762 1.0 0.9999999998406155 1.000000000017324 0.6867088607594937
9584.0 81.62065147875494 0.0 0.0 1.0 1.2296333951056226e-09 2.0 0.6077844311377245
6350.0 28.269235397452334 0.0033472852648434985 0.999999999999962 1.0 0.0 1.0000000000001728 0.6863207547169812
7207.0 46.91458749563893 0.09081473232102426 0.9999999999679553 1.0 0.0 1.0000000000320446 0.5944444444444444
5524.000000000036 33.37002862453802 0.09999999974611962 0.9999999999950133 1.0 0.0 1.0000000000049867 0.7289377289377289
5524.0 33.306600225690225 0.09999999978109436 0.9999999999951779 1.0 0.0 1.00000000000489 0.7293577981651376
2756.0 99.94948327502998 0.04496829869556274 0.9999999999992872 0.9731778043280722 1.0 1.0000000000007132 1.0
