4690.0 97.08976549794521 0.056514123216139 1.0 1.0 0.0 1.0 0.38196197293830436
5231.999879670055 65.98919924169078 0.07333393853619319 0.05372741701029882 1.0 0.0 2.0 0.4072968407045011
5055.0 97.81526561553453 0.039892257598804125 1.0 1.0 0.0 1.0 0.4519976581369096
4713.0 89.59908976308911 0.029763668589830955 1.0 1.0 0.0 1.0 0.4657171262404155
5249.999861704431 16.222007738165228 0.07357201964911919 1.0 1.0 0.0 2.0 0.5100093700405768
5250.0 13.978298628768364 0.058511559104256 1.0 1.0 0.0 2.0 0.5127014351664768
662.0002452461471 72.28478760058647 0.03087610073674083 1.0 1.0 0.0 1.0000000020338904 0.5281678766750764
5232.0 65.98321164057556 0.0739007126643048 0.0 1.0 0.0 2.0 0.5327253216247524
5250.0 16.213213390073516 0.07404709146811417 1.0 1.0 0.0 2.0 0.5754742005408199
5250.0 9.812290037743493 0.06005641676256614 1.0 1.0 0.0 2.0 0.6110340663265701
662.0 72.28261291828764 0.030776525171503068 1.0 1.0 0.0 1.0 0.6336206896551724
2402.0 91.03228771246725 0.055183804540681336 1.0 0.0 0.0 2.0 0.6458333333333333
2402.000156404113 91.03498278061485 0.05486225056745536 1.0 0.2645356560885349 0.0 2.0 0.6510416666666667
8562.0 82.70331308297088 0.015365953230759469 1.0 1.0 0.0 2.0 0.6742424242424243
6227.999680584302 87.9300750925129 0.02348936801577488 0.07113007333014965 0.39190578112113394 0.0 2.0 0.680921052631579
5250.0 43.581513984349144 0.0 1.0 1.0 0.0 2.0 0.6813186813186813
6228.0 87.9237262121903 0.023916302891153512 0.0 0.0 0.0 2.0 0.6842105263157895
8561.999707779816 82.70675304754498 0.015312559455062375 1.0 1.0 0.0 2.0 0.6864406779661016
2581.0 20.898109173663222 0.06237387349572156 0.0 0.0 0.0 1.0 0.7478991596638656
2581.000084601789 20.90691105227043 0.061915862657132795 0.09877868508879406 0.3680730080759619 0.0 1.0000000029629939 0.7738095238095238
6250.0 1.0 0.1 1.0 1.0 0.0 2.0 0.8615384615384616
4250.0 1.0 0.0428631558357664 0.0 1.0 0.0 2.0 0.865979381443299
7521.0 3.814299825868638 0.08691407694324314 0.0 0.0 0.0 1.0 0.9043715846994536
2428.0 11.283951290244955 0.07501270944115733 0.0 1.0 1.0 2.0 0.9224242833130379
1258.0 55.28643169704537 0.015436995459240311 0.0 1.0 1.0 1.0 0.9260097857405842
4293.0 15.163737651539565 0.039650876049750206 0.0 1.0 1.0 2.0 0.9347256664293969
9027.0 35.4852104449273 0.04982280599982985 0.0 0.0 1.0 1.0 0.9530046908648182
600.0 39.718133329585434 0.012061619612774318 0.0 1.0 1.0 1.0 0.9705161665408889
472.0 89.44124000081186 0.054466169192497416 1.0 1.0 1.0 2.0 0.9716086683782923
6607.0 50.21274860926989 0.053074087412971704 0.0 0.0 1.0 1.0 1.0341561664788874
5250.0 16.213213390073516 0.07404709146811417 1.0 0.0 1.0 1.0 1.0465894217167204
2690.0 67.92122233014588 0.08747161413497029 1.0 0.0 1.0 1.0 1.0781205500557758
8254.0 80.09407907215453 0.09450915170591308 0.0 1.0 1.0 1.0 1.0826964189355934
4250.0 16.213213390073516 0.07404709146811417 1.0 1.0 1.0 2.0 1.1139168742620376
5161.0 24.358955885173057 0.09139834542209292 1.0 1.0 1.0 2.0 1.1479699699943144
7925.0 47.21662343422657 0.008315060623395949 1.0 1.0 1.0 1.0 1.261361141281285
