5232.0 65.98321164057556 0.0739007126643048 0.0 1.0 0.0 2.0 0.5327253216247524
5250.0 16.213213390073516 0.07404709146811417 1.0 1.0 0.0 2.0 0.5754742005408199
662.0 72.28261291828764 0.030776525171503068 1.0 1.0 0.0 1.0 0.6336206896551724
2402.0 91.03228771246725 0.055183804540681336 1.0 0.0 0.0 2.0 0.6458333333333333
8562.0 82.70331308297088 0.015365953230759469 1.0 1.0 0.0 2.0 0.6742424242424243
6228.0 87.9237262121903 0.023916302891153512 0.0 0.0 0.0 2.0 0.6842105263157895
2581.0 20.898109173663222 0.06237387349572156 0.0 0.0 0.0 1.0 0.7478991596638656
7521.0 3.814299825868638 0.08691407694324314 0.0 0.0 0.0 1.0 0.9043715846994536
2428.0 11.283951290244955 0.07501270944115733 0.0 1.0 1.0 2.0 0.9224242833130379
1258.0 55.28643169704537 0.015436995459240311 0.0 1.0 1.0 1.0 0.9260097857405842
4293.0 15.163737651539565 0.039650876049750206 0.0 1.0 1.0 2.0 0.9347256664293969
9027.0 35.4852104449273 0.04982280599982985 0.0 0.0 1.0 1.0 0.9530046908648182
600.0 39.718133329585434 0.012061619612774318 0.0 1.0 1.0 1.0 0.9705161665408889
472.0 89.44124000081186 0.054466169192497416 1.0 1.0 1.0 2.0 0.9716086683782923
6607.0 50.21274860926989 0.053074087412971704 0.0 0.0 1.0 1.0 1.0341561664788874
2690.0 67.92122233014588 0.08747161413497029 1.0 0.0 1.0 1.0 1.0781205500557758
8254.0 80.09407907215453 0.09450915170591308 0.0 1.0 1.0 1.0 1.0826964189355934
5161.0 24.358955885173057 0.09139834542209292 1.0 1.0 1.0 2.0 1.1479699699943144
7925.0 47.21662343422657 0.008315060623395949 1.0 1.0 1.0 1.0 1.261361141281285
