4690.0 97.08976549794521 0.056514123216139 1.0 1.0 0.0 1.0 0.38196197293830436
5055.0 97.81526561553453 0.039892257598804125 1.0 1.0 0.0 1.0 0.4519976581369096
4713.0 89.59908976308911 0.029763668589830955 1.0 1.0 0.0 1.0 0.4657171262404155
5250.0 43.581513984349144 0.0 1.0 1.0 0.0 2.0 0.6813186813186813
6250.0 1.0 0.1 1.0 1.0 0.0 2.0 0.8615384615384616
5250.0 13.978298628768364 0.058511559104256 1.0 1.0 0.0 2.0 0.5127014351664768
5250.0 9.812290037743493 0.06005641676256614 1.0 1.0 0.0 2.0 0.6110340663265701
5250.0 16.213213390073516 0.07404709146811417 1.0 0.0 1.0 1.0 1.0465894217167204
4250.0 16.213213390073516 0.07404709146811417 1.0 1.0 1.0 2.0 1.1139168742620376
4250.0 1.0 0.0428631558357664 0.0 1.0 0.0 2.0 0.865979381443299
5231.999879670055 65.98919924169078 0.07333393853619319 0.05372741701029882 1.0 0.0 2.0 0.4072968407045011
5249.999861704431 16.222007738165228 0.07357201964911919 1.0 1.0 0.0 2.0 0.5100093700405768
662.0002452461471 72.28478760058647 0.03087610073674083 1.0 1.0 0.0 1.0000000020338904 0.5281678766750764
2402.000156404113 91.03498278061485 0.05486225056745536 1.0 0.2645356560885349 0.0 2.0 0.6510416666666667
8561.999707779816 82.70675304754498 0.015312559455062375 1.0 1.0 0.0 2.0 0.6864406779661016
6227.999680584302 87.9300750925129 0.02348936801577488 0.07113007333014965 0.39190578112113394 0.0 2.0 0.680921052631579
2581.000084601789 20.90691105227043 0.061915862657132795 0.09877868508879406 0.3680730080759619 0.0 1.0000000029629939 0.7738095238095238
