6951.0 32.44470070914229 0.07461449773508452 1.0 1.0 0.0 1.0 0.07407407407407407
9774.978656468007 37.748982198338965 0.0 0.0 1.0066408568723375 0.0 2.0 0.12612612612612617
8411.991355031205 16.083740145018186 0.0 1.0 1.0 1.0 2.0 0.16091954022988508
7775.0 18.635529412658126 0.0 1.0 1.0 1.0 2.0 0.1649484536082474
8412.0 16.08394068495604 0.09443909293189445 1.0 1.0 1.0 2.0 0.22010869565217395
9775.0 37.7619382692753 0.006559847055064072 0.0 1.0 0.0 2.0 0.27368421052631575
1518.0 41.37362039747605 0.06029395650353896 1.0 1.0 1.0 2.0 0.2857142857142857
5352.0 19.775331976377043 0.08950991405301674 1.0 1.0 1.0 2.0 0.3047945205479452
8478.0 28.280270230489233 0.07475620975956504 1.0 1.0 0.0 2.0 0.3474025974025974
2675.0 15.101231446033335 0.03031958722853726 0.0 1.0 0.0 2.0 0.40740740740740744
6664.0 6.738497256660467 0.09206703985127306 1.0 1.0 0.0 2.0 0.4117647058823529
2209.0 41.840913491009225 0.08330605692550257 0.0 1.0 0.0 1.0 0.46753246753246747
8709.0 28.932903017641955 0.052406775705994404 0.0 1.0 0.0 2.0 0.47272727272727266
7786.0 23.6329284313988 0.07569803929379444 0.0 1.0 1.0 1.0 0.5046728971962616
7938.0 12.93356364094342 0.0044456868281682604 1.0 1.0 1.0 2.0 0.51
5629.0 19.384930954221172 0.03425956369663864 1.0 1.0 0.0 1.0 0.5273833671399595
4530.0 46.8171801412537 0.026148772214384386 1.0 1.0 0.0 1.0 0.5617647058823529
9747.0 44.34568883080289 0.037000342897916226 1.0 1.0 0.0 1.0 0.5621414913957935
6951.00501124393 32.444440856152 0.0 0.0 1.0 6.811369139825274e-06 1.0022874716555066 0.5813953488372093
2582.0 38.13053829278752 0.056508832088681286 0.0 1.0 0.0 2.0 0.5869565217391305
7405.0 4.0743655568892425 0.004964133830547396 0.0 1.0 1.0 2.0 0.6190476190476191
3002.0 11.553840444012398 0.026379814491547905 0.0 1.0 1.0 2.0 0.7824267782426778
3388.0 31.11791807617052 0.06611097000716332 1.0 1.0 1.0 1.0 0.8405172413793104
5800.0 3.733256925351913 0.05877741219373844 0.0 1.0 1.0 2.0 0.855072463768116
922.0 10.623243420093408 0.06512237890474269 1.0 1.0 1.0 1.0 0.8681318681318682
3959.0 9.30496238869136 0.09224898328425354 1.0 1.0 1.0 1.0 0.8753993610223643
9775.0 1.0 0.07122358573913928 0.0 1.0 1.0 2.0 0.88
3937.0 7.787882931336186 0.017836433700611574 1.0 1.0 1.0 1.0 0.9110320284697508
3272.0 46.45930701719906 0.007029421096875209 1.0 1.0 1.0 2.0 0.9133858267716536
107.0 34.9619807584454 0.04443364326695436 1.0 1.0 0.0 2.0 0.9606299212598425
100.0 36.807466800206264 0.0011819546231121138 1.0 1.0 0.0 1.0 0.9675090252707581
1752.0 20.883679832419375 0.02030260683742957 1.0 1.0 0.0 2.0 0.9806451612903225
106.0 48.82216637694395 0.0626497348662046 1.0 1.0 0.0 2.0 0.9859154929577465
8541.0 26.82020270990443 0.07843407569392753 0.0 1.0 1.0 1.0 0.9930555555555556
148.0 14.61414767166 0.058377979747385546 1.0 1.0 1.0 1.0 1.0
144.0 11.541280788816575 0.0703896320304858 1.0 1.0 0.0 2.0 1.0
143.0 33.86481456497393 0.07591742739535086 1.0 1.0 1.0 1.0 1.0
141.0 32.26627872878857 0.0519325324408507 1.0 1.0 1.0 1.0 1.0
139.0 3.1569120237004284 0.029532635590704195 1.0 1.0 1.0 2.0 1.0
134.0 35.51631841156066 0.01169150101832079 1.0 1.0 1.0 2.0 1.0
132.0 7.02621523784013 0.008467014828974322 1.0 1.0 0.0 1.0 1.0
128.0 3.687665974134913 0.08387374656259189 1.0 1.0 1.0 1.0 1.0
127.0 25.418584875314888 0.008192637809151535 1.0 1.0 1.0 1.0 1.0
120.0 37.57701651873961 0.05656816164046587 1.0 1.0 1.0 2.0 1.0
111.0 48.52665148194839 0.08700190563815326 1.0 1.0 0.0 1.0 1.0
993.0 23.286020271643764 0.08537753088603064 0.0 1.0 0.0 1.0 1.0
104.0 37.15615616122095 0.04113558380929377 1.0 1.0 1.0 2.0 1.0
102.0 2.1660791867000855 0.03390450439191466 1.0 1.0 1.0 2.0 1.0
7407.0 30.146358014004182 0.04734525353644584 0.0 1.0 1.0 1.0 1.0
5065.0 4.850441156672053 0.025683423614857478 0.0 1.0 0.0 1.0 1.0
4446.0 35.55255088019268 0.01482867418182935 0.0 1.0 0.0 1.0 1.0
6592.0 4.652774703863671 0.0883707997508818 0.0 1.0 0.0 1.0 1.0
4213.0 47.814291530974295 0.011777946030897244 0.0 1.0 1.0 1.0 1.0
4475.0 48.125149039308006 0.0354496515736648 0.0 2.0 0.0 1.0 1.0
109.0 2.637490844287348 0.025602641924451677 1.0 1.0 0.0 2.0 1.0
9960.0 39.111856768086994 0.05084504700335222 0.0 1.0 1.0 1.0 1.0
6612.0 24.39152225184939 0.06901061229502628 0.0 1.0 1.0 2.0 1.1153846153846154
1357.0 34.55594570256232 0.04899746946396986 1.0 1.0 1.0 2.0 1.2659574468085106
9987.0 32.26632776696246 0.040337911226252805 1.0 1.0 1.0 2.0 2.4953271028037385
597.0 20.11643608833891 0.014048444219400186 1.0 1.0 0.0 2.0 5.615384615384615
1269.0 44.512863217017866 0.09920036197359015 1.0 1.0 0.0 2.0 6.069306930693069
323.0 11.649680853104512 0.046429223730499486 0.0 1.0 0.0 1.0 1288.5739130434783
