6951.0 32.44470070914229 0.07461449773508452 1.0 1.0 0.0 1.0 0.07407407407407407
8412.0 16.08394068495604 0.09443909293189445 1.0 1.0 1.0 2.0 0.22010869565217395
9775.0 37.7619382692753 0.006559847055064072 0.0 1.0 0.0 2.0 0.27368421052631575
1518.0 41.37362039747605 0.06029395650353896 1.0 1.0 1.0 2.0 0.2857142857142857
5352.0 19.775331976377043 0.08950991405301674 1.0 1.0 1.0 2.0 0.3047945205479452
8478.0 28.280270230489233 0.07475620975956504 1.0 1.0 0.0 2.0 0.3474025974025974
2675.0 15.101231446033335 0.03031958722853726 0.0 1.0 0.0 2.0 0.40740740740740744
6664.0 6.738497256660467 0.09206703985127306 1.0 1.0 0.0 2.0 0.4117647058823529
2209.0 41.840913491009225 0.08330605692550257 0.0 1.0 0.0 1.0 0.46753246753246747
8709.0 28.932903017641955 0.052406775705994404 0.0 1.0 0.0 2.0 0.47272727272727266
7786.0 23.6329284313988 0.07569803929379444 0.0 1.0 1.0 1.0 0.5046728971962616
7938.0 12.93356364094342 0.0044456868281682604 1.0 1.0 1.0 2.0 0.51
5629.0 19.384930954221172 0.03425956369663864 1.0 1.0 0.0 1.0 0.5273833671399595
4530.0 46.8171801412537 0.026148772214384386 1.0 1.0 0.0 1.0 0.5617647058823529
9747.0 44.34568883080289 0.037000342897916226 1.0 1.0 0.0 1.0 0.5621414913957935
2582.0 38.13053829278752 0.056508832088681286 0.0 1.0 0.0 2.0 0.5869565217391305
7405.0 4.0743655568892425 0.004964133830547396 0.0 1.0 1.0 2.0 0.6190476190476191
3002.0 11.553840444012398 0.026379814491547905 0.0 1.0 1.0 2.0 0.7824267782426778
3388.0 31.11791807617052 0.06611097000716332 1.0 1.0 1.0 1.0 0.8405172413793104
5800.0 3.733256925351913 0.05877741219373844 0.0 1.0 1.0 2.0 0.855072463768116
922.0 10.623243420093408 0.06512237890474269 1.0 1.0 1.0 1.0 0.8681318681318682
3959.0 9.30496238869136 0.09224898328425354 1.0 1.0 1.0 1.0 0.8753993610223643
3937.0 7.787882931336186 0.017836433700611574 1.0 1.0 1.0 1.0 0.9110320284697508
3272.0 46.45930701719906 0.007029421096875209 1.0 1.0 1.0 2.0 0.9133858267716536
1752.0 20.883679832419375 0.02030260683742957 1.0 1.0 0.0 2.0 0.9806451612903225
8541.0 26.82020270990443 0.07843407569392753 0.0 1.0 1.0 1.0 0.9930555555555556
4475.0 48.125149039308006 0.0354496515736648 0.0 2.0 0.0 1.0 1.0
4213.0 47.814291530974295 0.011777946030897244 0.0 1.0 1.0 1.0 1.0
6592.0 4.652774703863671 0.0883707997508818 0.0 1.0 0.0 1.0 1.0
4446.0 35.55255088019268 0.01482867418182935 0.0 1.0 0.0 1.0 1.0
9960.0 39.111856768086994 0.05084504700335222 0.0 1.0 1.0 1.0 1.0
993.0 23.286020271643764 0.08537753088603064 0.0 1.0 0.0 1.0 1.0
5065.0 4.850441156672053 0.025683423614857478 0.0 1.0 0.0 1.0 1.0
7407.0 30.146358014004182 0.04734525353644584 0.0 1.0 1.0 1.0 1.0
6612.0 24.39152225184939 0.06901061229502628 0.0 1.0 1.0 2.0 1.1153846153846154
1357.0 34.55594570256232 0.04899746946396986 1.0 1.0 1.0 2.0 1.2659574468085106
9987.0 32.26632776696246 0.040337911226252805 1.0 1.0 1.0 2.0 2.4953271028037385
597.0 20.11643608833891 0.014048444219400186 1.0 1.0 0.0 2.0 5.615384615384615
1269.0 44.512863217017866 0.09920036197359015 1.0 1.0 0.0 2.0 6.069306930693069
323.0 11.649680853104512 0.046429223730499486 0.0 1.0 0.0 1.0 1288.5739130434783
