183.0 2.9594176915041235 0.09614872163276462 0.0 1.0 1.0 2.0 1.0
111.0 3.986769298774639 0.08495830403205079 1.0 1.0 1.0 1.0 1.0
251.0 2.1834028693034853 0.0882185105339249 0.0 1.0 1.0 2.0 0.8121827411167513
146.0 6.554664512718939 0.08190852292921436 0.0 1.0 1.0 2.0 1.0
161.0 11.925411665414854 0.094370620944619 1.0 1.0 1.0 1.0 1.0
269.0 49.65528892258252 0.0999925040137502 1.0 1.0 1.0 1.0 0.3783783783783784
235.0 49.2753370790569 0.09586068662501476 1.0 1.0 1.0 2.0 1.0
306.0 49.7837116847131 0.09957613048755583 1.0 1.0 1.0 1.0 0.4391143911439115
140.0 32.797487598386795 0.09948280577472962 0.0 1.0 1.0 2.0 1.0
107.0 7.659949698019386 0.07345182737969413 1.0 1.0 1.0 2.0 1.0
131.0 16.486333643192182 0.08803713585196417 0.0 1.0 1.0 1.0 1.0
227.0 16.826469737890143 0.09627606513248593 0.0 1.0 1.0 1.0 1.0
191.0 43.17547523920085 0.09026691292533609 1.0 1.0 1.0 2.0 1.0
10000.0 37.75128747572768 0.0 0.0 1.0 0.0 2.0 0.3513513513513513
9775.0 50.0 0.0 0.0 1.0 0.0 2.0 0.0357142857142857
9775.0 17.46133043393511 0.0 0.0 1.0 0.0 2.0 0.5106382978723404
10000.0 37.75128747572768 0.0 1.0 1.0 1.0 2.0 0.07486631016042777
9775.0 27.905142002728685 0.0776087999379963 0.0 1.0 0.0 2.0 0.1074380165289256
10000.0 37.75128747572768 0.0 0.0 1.0 1.0 2.0 0.25
10000.0 37.75128747572768 0.0 1.0 1.0 1.0 2.0 0.1208791208791209
9774.97733157458 37.99149186235512 0.0 0.0 1.0 0.0 1.999899097112056 0.5670731707317073
6950.998569046487 31.52558711657636 0.1 1.0 1.0 1.0 1.0 0.10373443983402486
9825.998027076206 50.0 0.1 0.6950205161127873 1.0 0.0 1.0 0.01851851851851849
9964.99677711515 48.682396368428215 0.1 0.7584210202244487 1.0 0.0 1.0 0.564935064935065
9774.976886632749 37.98922177735501 0.0 0.0 1.0 0.0 1.9998990908088996 0.5353535353535354
8411.981193794953 16.18989291704485 0.0 0.7153703078663911 1.01 0.0 1.9999365102497362 0.6288659793814433
7774.980851773124 18.835030532512445 0.1 0.9196873422623622 1.0052854776662048 0.0 1.9999698313654384 0.7142857142857143
