100.0 36.807466800206264 0.0011819546231121138 1.0 1.0 0.0 1.0 0.9675090252707581
102.0 2.1660791867000855 0.03390450439191466 1.0 1.0 1.0 2.0 1.0
104.0 37.15615616122095 0.04113558380929377 1.0 1.0 1.0 2.0 1.0
106.0 48.82216637694395 0.0626497348662046 1.0 1.0 0.0 2.0 0.9859154929577465
107.0 34.9619807584454 0.04443364326695436 1.0 1.0 0.0 2.0 0.9606299212598425
109.0 2.637490844287348 0.025602641924451677 1.0 1.0 0.0 2.0 1.0
111.0 48.52665148194839 0.08700190563815326 1.0 1.0 0.0 1.0 1.0
120.0 37.57701651873961 0.05656816164046587 1.0 1.0 1.0 2.0 1.0
127.0 25.418584875314888 0.008192637809151535 1.0 1.0 1.0 1.0 1.0
128.0 3.687665974134913 0.08387374656259189 1.0 1.0 1.0 1.0 1.0
132.0 7.02621523784013 0.008467014828974322 1.0 1.0 0.0 1.0 1.0
134.0 35.51631841156066 0.01169150101832079 1.0 1.0 1.0 2.0 1.0
139.0 3.1569120237004284 0.029532635590704195 1.0 1.0 1.0 2.0 1.0
141.0 32.26627872878857 0.0519325324408507 1.0 1.0 1.0 1.0 1.0
143.0 33.86481456497393 0.07591742739535086 1.0 1.0 1.0 1.0 1.0
144.0 11.541280788816575 0.0703896320304858 1.0 1.0 0.0 2.0 1.0
148.0 14.61414767166 0.058377979747385546 1.0 1.0 1.0 1.0 1.0
9775.0 1.0 0.07122358573913928 0.0 1.0 1.0 2.0 0.88
7775.0 18.635529412658126 0.0 1.0 1.0 1.0 2.0 0.1649484536082474
6951.00501124393 32.444440856152 0.0 0.0 1.0 6.811369139825274e-06 1.0022874716555066 0.5813953488372093
8411.991355031205 16.083740145018186 0.0 1.0 1.0 1.0 2.0 0.16091954022988508
9774.978656468007 37.748982198338965 0.0 0.0 1.0066408568723375 0.0 2.0 0.12612612612612617
