8821.0 38.91118930870167 0.08413220379751365 1.0 2.0 0.0 2.0 1.0
9987.0 36.84467057278916 0.05144187724476007 1.0 1.0 0.0 1.0 0.28205128205128205
9976.0 41.163886224969076 0.06833958402299962 1.0 1.0 0.0 1.0 0.30330330330330324
9965.0 48.53939943919925 0.09357776110452704 1.0 1.0 0.0 1.0 0.11538461538461542
9972.0 38.21695327097048 0.07557156294621398 1.0 1.0 0.0 1.0 0.5123339658444023
9952.0 31.594241734770744 0.03252880516369846 1.0 1.0 0.0 2.0 0.6621621621621622
9979.0 27.245763373718663 0.05443660060999194 1.0 1.0 0.0 1.0 0.29253731343283584
9938.0 29.42039492161266 0.07744538979610639 1.0 1.0 0.0 2.0 0.6382978723404256
9960.0 24.92310721163906 0.0766489774133016 1.0 1.0 0.0 2.0 0.48958333333333326
9985.0 24.147258201417362 0.08535171076858925 1.0 1.0 0.0 1.0 0.48198198198198194
9892.0 35.983570967941304 0.09060992352210027 1.0 1.0 0.0 1.0 0.40284360189573465
9877.0 40.25447825928902 0.07181242859800818 1.0 1.0 0.0 1.0 0.3156146179401993
9905.0 24.501412640121476 0.029277273953003554 1.0 1.0 0.0 2.0 0.6194029850746269
9826.0 49.97578204039996 0.08150178772586054 1.0 1.0 0.0 1.0 0.08376963350785338
9821.0 38.86453198454412 0.018983932551988915 1.0 1.0 0.0 1.0 0.4771428571428571
6951.0 31.587355999692583 0.1 1.0 1.0 0.0 1.0 0.4360086767895879
5011.0 32.92508654007185 0.1 1.0 1.0 0.0 1.0 0.5069767441860465
5981.0 20.818268944569443 0.07413718210027176 1.0 1.0 0.0 1.0 0.371900826446281
5011.0 29.823952190076344 0.07988486982319795 0.0 1.0 0.0 1.0 0.7341269841269841
6951.0 50.0 0.09222776074912567 1.0 1.0 0.0 2.0 2.673076923076923
6951.000452956562 32.44478361837044 0.0 1.0 1.0 0.798303355703893 1.0091443753939682 0.26086956521739135
9774.979101304563 37.75128747572768 0.0 0.0 1.0 0.0 2.0 0.010344827586206917
8411.991291068218 16.085682868878294 0.014126334416334842 1.0 1.0 1.0 2.0 2.4838709677419355
7775.000164774209 18.636752905925476 0.018631686104404254 1.0 1.0 1.0 2.0 1.04149377593361
8411.999935635149 16.085917603989213 0.08307717199588749 1.0 1.0 1.0 2.0 0.21739130434782605
