1189.0 12.458144256500711 0.012660647211697585 1.0 1.0 1.0 2.0 0.0008007563323329146
3940.0 26.372143876929556 0.0740982142782887 0.0 1.0 1.0 2.0 0.0017416398126250251
8069.0 31.712293802963714 0.09919749772164793 0.0 1.0 1.0 1.0 0.0019472048173856085
3940.0 44.766010632746 0.008345219183218679 0.0 1.0 1.0 2.0 0.0023117565782540075
3940.0 50.0 0.07800110354886984 0.0 1.0 1.0 2.0 0.002473281239809241
5292.0 41.412114994079765 0.07561488412256054 1.0 1.0 1.0 1.0 0.00296108982388555
9916.0 46.636650693058954 0.09804699786182332 0.0 1.0 1.0 1.0 0.002970646189361509
9867.0 12.217129490778946 0.003281665751123348 1.0 1.0 1.0 1.0 0.0032558778072506508
8257.0 25.613519672129954 0.02093132985789234 1.0 1.0 1.0 1.0 0.0035915621266904315
8850.0 22.601420454292235 0.03621852438000751 0.0 1.0 1.0 2.0 0.0036396315158315506
1460.0 23.302124089017468 0.08617108576780719 0.0 1.0 0.0 2.0 0.006154410413566428
9319.0 15.782033056021351 0.06401598632981581 1.0 1.0 1.0 2.0 0.006669688543523973
1468.0 46.27369115347129 0.07069466651460536 0.0 1.0 0.0 2.0 0.008872491921773406
4792.0 16.265254988635903 0.08806923188677716 1.0 1.0 0.0 1.0 0.017363193657316155
6689.0 38.89600323817933 0.085000086350144 0.0 1.0 0.0 1.0 0.018033422530696692
9890.0 25.23275339975104 0.09933074200128972 0.0 1.0 0.0 1.0 0.02134798625748241
3780.0 42.20883162287683 0.008473395142324964 1.0 1.0 0.0 1.0 0.021431104944862167
3940.0056929538214 44.76500629475348 0.1 0.0 1.0 0.9837133373795406 2.0 0.023110815048623546
9270.0 34.935088972591046 0.04992015138663513 0.0 1.0 0.0 1.0 0.02353272045210099
4901.0 32.52202816698552 0.01267756161775386 0.0 1.0 0.0 2.0 0.024011927938488952
9861.0 12.056817933738355 0.003464722912038854 1.0 1.0 0.0 1.0 0.03241526022835257
9831.0 12.286729371744594 0.003734909300339961 1.0 1.0 0.0 1.0 0.03249364278584701
9893.0 15.008159875674398 0.040287911165716866 0.0 1.0 0.0 2.0 0.03479821384377785
6441.0 45.39178624086004 0.057713485246912735 1.0 1.0 0.0 1.0 0.03802124344773767
9909.0 46.3036731165577 0.012828096569178445 1.0 1.0 0.0 1.0 0.059125844669840014
7959.0 32.65846820843746 0.06826012289398257 1.0 1.0 0.0 2.0 0.0780214208916886
7453.0 39.746203825209186 0.04047379621333991 1.0 1.0 0.0 2.0 0.08135480223223875
270.0 5.729214559877552 0.05450554939389646 0.0 1.0 1.0 1.0 2.0000398656357716
234.0 25.927535034066523 0.07074172774425129 1.0 1.0 1.0 1.0 2.000111607088304
740.0 39.29721443834075 0.03134091668541219 0.0 1.0 1.0 2.0 2.0004124845053135
1188.993003008556 12.468538706556657 0.0 1.0 1.0 1.0 2.0 2.000801742855646
2365.0 18.180655785742243 0.07757941339939246 1.0 1.0 1.0 1.0 2.000896349687943
136.0 45.149103105663066 0.04298552312106366 0.0 1.0 0.0 2.0 2.000935010541339
5803.0 12.908203578537632 0.02144297260328954 0.0 1.0 1.0 1.0 2.0009742944127846
6078.0 13.310600120744285 0.06778650634258233 0.0 1.0 1.0 1.0 2.001029736313786
8068.997308026777 31.720641940909697 0.0 0.0 1.0 1.0 1.0 2.001947953658761
1811.0 6.415487439397724 0.0012291482353061767 0.0 1.0 0.0 1.0 2.0025983346918093
9816.0 4.036254988133548 0.09406935245540717 0.0 1.0 1.0 2.0 2.002609873084466
5940.0 44.766010632746 0.008345219183218679 1.0 1.0 1.0 1.0 2.0034788046938905
5531.0 22.525498365815373 0.016346910599386078 1.0 1.0 1.0 2.0 2.004550243120535
9863.0 32.34901077229293 0.00807981006634742 1.0 1.0 1.0 1.0 2.0048082481513716
9820.0 36.93413874346075 0.005482132918554013 1.0 1.0 1.0 1.0 2.005139736508205
9898.0 43.731057609199645 0.005243206329940655 1.0 1.0 1.0 1.0 2.0057069133587277
9903.0 43.718009996285815 0.009668802897173366 1.0 1.0 1.0 1.0 2.005708691046372
8416.0 29.239904295778466 0.09041974446526928 1.0 1.0 1.0 2.0 2.0077981101473297
7945.0 42.08674389177786 0.09502420692115784 1.0 1.0 1.0 2.0 2.008961475974597
9993.0 30.057487539115865 0.01906386023225847 1.0 1.0 1.0 2.0 2.009384260141517
4052.0 2.3097759234878295 0.05980007992625733 1.0 1.0 0.0 1.0 2.010248608986578
2318.0 26.229948589119235 0.028612504809163077 1.0 1.0 0.0 1.0 2.0102653566648043
6736.0 10.493977538204618 0.03700633567859862 0.0 1.0 0.0 1.0 2.0106665117444407
2302.0 3.535772379647317 0.010492976686567254 1.0 1.0 0.0 2.0 2.0121314665741865
5846.0 24.58850883252972 0.08783794695886217 0.0 1.0 0.0 1.0 2.0124895029369663
4478.0 6.755315340801144 0.0979613190735432 0.0 1.0 0.0 2.0 2.0128831843446333
9415.0 20.240882722352175 0.003400047848806648 0.0 1.0 0.0 1.0 2.0184898042292434
3915.0 2.755704665210591 0.06728017068091889 1.0 1.0 0.0 2.0 2.0200804617876713
7200.0 7.209120498444477 0.02930356485406175 0.0 1.0 0.0 2.0 2.020946738322243
9628.0 3.128936010525747 0.0016936309009361894 1.0 1.0 0.0 1.0 2.024924567894048
4502.0 48.116498824514515 0.05131214244038245 1.0 1.0 0.0 1.0 2.0275828173199066
2845.0 36.37618984583315 0.031813235562473195 1.0 1.0 0.0 2.0 2.0297067011819516
9887.0 1.9274099886880671 0.017124322944541314 1.0 1.0 0.0 2.0 2.0493224697287733
9800.0 41.787793541981635 0.003558762380285538 1.0 1.0 0.0 1.0 2.0550156924385545
9894.0 21.09177553595079 0.011281413950308258 1.0 1.0 0.0 2.0 2.07903407865454
9978.0 22.43344567112623 0.010457720205819438 1.0 1.0 0.0 2.0 2.081798940350458
