1189.0 12.458144256500711 0.012660647211697585 1.0 1.0 1.0 2.0 0.0008007563323329146
8069.0 31.712293802963714 0.09919749772164793 0.0 1.0 1.0 1.0 0.0019472048173856085
3940.0 44.766010632746 0.008345219183218679 0.0 1.0 1.0 2.0 0.0023117565782540075
5292.0 41.412114994079765 0.07561488412256054 1.0 1.0 1.0 1.0 0.00296108982388555
8257.0 25.613519672129954 0.02093132985789234 1.0 1.0 1.0 1.0 0.0035915621266904315
8850.0 22.601420454292235 0.03621852438000751 0.0 1.0 1.0 2.0 0.0036396315158315506
1460.0 23.302124089017468 0.08617108576780719 0.0 1.0 0.0 2.0 0.006154410413566428
9319.0 15.782033056021351 0.06401598632981581 1.0 1.0 1.0 2.0 0.006669688543523973
1468.0 46.27369115347129 0.07069466651460536 0.0 1.0 0.0 2.0 0.008872491921773406
4792.0 16.265254988635903 0.08806923188677716 1.0 1.0 0.0 1.0 0.017363193657316155
6689.0 38.89600323817933 0.085000086350144 0.0 1.0 0.0 1.0 0.018033422530696692
3780.0 42.20883162287683 0.008473395142324964 1.0 1.0 0.0 1.0 0.021431104944862167
9270.0 34.935088972591046 0.04992015138663513 0.0 1.0 0.0 1.0 0.02353272045210099
4901.0 32.52202816698552 0.01267756161775386 0.0 1.0 0.0 2.0 0.024011927938488952
9893.0 15.008159875674398 0.040287911165716866 0.0 1.0 0.0 2.0 0.03479821384377785
6441.0 45.39178624086004 0.057713485246912735 1.0 1.0 0.0 1.0 0.03802124344773767
7959.0 32.65846820843746 0.06826012289398257 1.0 1.0 0.0 2.0 0.0780214208916886
7453.0 39.746203825209186 0.04047379621333991 1.0 1.0 0.0 2.0 0.08135480223223875
270.0 5.729214559877552 0.05450554939389646 0.0 1.0 1.0 1.0 2.0000398656357716
234.0 25.927535034066523 0.07074172774425129 1.0 1.0 1.0 1.0 2.000111607088304
740.0 39.29721443834075 0.03134091668541219 0.0 1.0 1.0 2.0 2.0004124845053135
2365.0 18.180655785742243 0.07757941339939246 1.0 1.0 1.0 1.0 2.000896349687943
136.0 45.149103105663066 0.04298552312106366 0.0 1.0 0.0 2.0 2.000935010541339
5803.0 12.908203578537632 0.02144297260328954 0.0 1.0 1.0 1.0 2.0009742944127846
6078.0 13.310600120744285 0.06778650634258233 0.0 1.0 1.0 1.0 2.001029736313786
1811.0 6.415487439397724 0.0012291482353061767 0.0 1.0 0.0 1.0 2.0025983346918093
5531.0 22.525498365815373 0.016346910599386078 1.0 1.0 1.0 2.0 2.004550243120535
8416.0 29.239904295778466 0.09041974446526928 1.0 1.0 1.0 2.0 2.0077981101473297
7945.0 42.08674389177786 0.09502420692115784 1.0 1.0 1.0 2.0 2.008961475974597
4052.0 2.3097759234878295 0.05980007992625733 1.0 1.0 0.0 1.0 2.010248608986578
2318.0 26.229948589119235 0.028612504809163077 1.0 1.0 0.0 1.0 2.0102653566648043
6736.0 10.493977538204618 0.03700633567859862 0.0 1.0 0.0 1.0 2.0106665117444407
2302.0 3.535772379647317 0.010492976686567254 1.0 1.0 0.0 2.0 2.0121314665741865
5846.0 24.58850883252972 0.08783794695886217 0.0 1.0 0.0 1.0 2.0124895029369663
4478.0 6.755315340801144 0.0979613190735432 0.0 1.0 0.0 2.0 2.0128831843446333
9415.0 20.240882722352175 0.003400047848806648 0.0 1.0 0.0 1.0 2.0184898042292434
3915.0 2.755704665210591 0.06728017068091889 1.0 1.0 0.0 2.0 2.0200804617876713
7200.0 7.209120498444477 0.02930356485406175 0.0 1.0 0.0 2.0 2.020946738322243
4502.0 48.116498824514515 0.05131214244038245 1.0 1.0 0.0 1.0 2.0275828173199066
2845.0 36.37618984583315 0.031813235562473195 1.0 1.0 0.0 2.0 2.0297067011819516
