9861.0 12.056817933738355 0.003464722912038854 1.0 1.0 0.0 1.0 0.03241526022835257
9898.0 43.731057609199645 0.005243206329940655 1.0 1.0 1.0 1.0 2.0057069133587277
9867.0 12.217129490778946 0.003281665751123348 1.0 1.0 1.0 1.0 0.0032558778072506508
9831.0 12.286729371744594 0.003734909300339961 1.0 1.0 0.0 1.0 0.03249364278584701
9800.0 41.787793541981635 0.003558762380285538 1.0 1.0 0.0 1.0 2.0550156924385545
9978.0 22.43344567112623 0.010457720205819438 1.0 1.0 0.0 2.0 2.081798940350458
9903.0 43.718009996285815 0.009668802897173366 1.0 1.0 1.0 1.0 2.005708691046372
9820.0 36.93413874346075 0.005482132918554013 1.0 1.0 1.0 1.0 2.005139736508205
9916.0 46.636650693058954 0.09804699786182332 0.0 1.0 1.0 1.0 0.002970646189361509
9909.0 46.3036731165577 0.012828096569178445 1.0 1.0 0.0 1.0 0.059125844669840014
9890.0 25.23275339975104 0.09933074200128972 0.0 1.0 0.0 1.0 0.02134798625748241
9863.0 32.34901077229293 0.00807981006634742 1.0 1.0 1.0 1.0 2.0048082481513716
9894.0 21.09177553595079 0.011281413950308258 1.0 1.0 0.0 2.0 2.07903407865454
9628.0 3.128936010525747 0.0016936309009361894 1.0 1.0 0.0 1.0 2.024924567894048
9993.0 30.057487539115865 0.01906386023225847 1.0 1.0 1.0 2.0 2.009384260141517
9816.0 4.036254988133548 0.09406935245540717 0.0 1.0 1.0 2.0 2.002609873084466
9887.0 1.9274099886880671 0.017124322944541314 1.0 1.0 0.0 2.0 2.0493224697287733
5940.0 44.766010632746 0.008345219183218679 1.0 1.0 1.0 1.0 2.0034788046938905
3940.0 26.372143876929556 0.0740982142782887 0.0 1.0 1.0 2.0 0.0017416398126250251
3940.0 50.0 0.07800110354886984 0.0 1.0 1.0 2.0 0.002473281239809241
1188.993003008556 12.468538706556657 0.0 1.0 1.0 1.0 2.0 2.000801742855646
8068.997308026777 31.720641940909697 0.0 0.0 1.0 1.0 1.0 2.001947953658761
3940.0056929538214 44.76500629475348 0.1 0.0 1.0 0.9837133373795406 2.0 0.023110815048623546
